id,line_order,point_order,lon,lat
10460000000,0,0,146.41208404968114,-34.597827919813746
10460000000,0,1,146.4117590596415,-34.5986499297952
10460000000,0,2,146.41100003978156,-34.59842390973742
10460000000,0,3,146.4102480699208,-34.59819491968012
10460000000,0,4,146.41034102993345,-34.597947929685326
10460000000,0,5,146.4106190499644,-34.59727191970139
10460000000,0,6,146.41073303994338,-34.59730591971008
10460000000,0,7,146.4118000497492,-34.59759891979114
10460000000,0,8,146.41174802974308,-34.59772792978816
10460000000,0,9,146.41190403971473,-34.59777091980002
10460000000,0,10,146.41208404968114,-34.597827919813746
10460010000,0,0,146.41129806349457,-34.56374392952537
10460010000,0,1,146.41126605355612,-34.56322090951948
10460010000,0,2,146.41138205353673,-34.563236909528186
10460010000,0,3,146.4130910532848,-34.56316390965439
10460010000,0,4,146.4133737132455,-34.563130539675115
10460010000,0,5,146.41332546323767,-34.5632703996725
10460010000,0,6,146.4132912532319,-34.56337127967065
10460010000,0,7,146.41315036321927,-34.56368584966231
10460010000,0,8,146.413120953224,-34.56368349966012
10460010000,0,9,146.41287804326197,-34.56367391964204
10460010000,0,10,146.41141304347784,-34.56373690953385
10460010000,0,11,146.41129806349457,-34.56374392952537
10460020000,0,0,146.41126605355612,-34.56322090951948
10460020000,0,1,146.41123306362297,-34.56264992951318
10460020000,0,2,146.41296104336982,-34.562561919640686
10460020000,0,3,146.41352274326607,-34.56273137968347
10460020000,0,4,146.41346981325572,-34.5629013096807
10460020000,0,5,146.4133737132455,-34.563130539675115
10460020000,0,6,146.4130910532848,-34.56316390965439
10460020000,0,7,146.41138205353673,-34.563236909528186
10460020000,0,8,146.41126605355612,-34.56322090951948
10460030000,0,0,146.39580316548233,-34.56714318840011
10460030000,0,1,146.39625820547226,-34.56659687843012
10460030000,0,2,146.39716325545342,-34.565499518489766
10460030000,0,3,146.39761976544307,-34.56495402851989
10460030000,0,4,146.39792767543528,-34.56459345854026
10460030000,0,5,146.39819967542843,-34.564274968558266
10460030000,0,6,146.399953615381,-34.562249438674534
10460030000,0,7,146.40004920537865,-34.56213725868084
10460030000,0,8,146.40053286536653,-34.56156983871285
10460030000,0,9,146.40081150535863,-34.561251698731354
10460030000,0,10,146.40109628534935,-34.56093732875033
10460030000,0,11,146.401377075341,-34.560620348769
10460030000,0,12,146.4016434553358,-34.56029426878653
10460030000,0,13,146.40188610533588,-34.5599526288022
10460030000,0,14,146.40190307533632,-34.559925188803284
10460030000,0,15,146.40196027533761,-34.559832838806884
10460030000,0,16,146.40202757534075,-34.55970934881105
10460030000,0,17,146.40208805534522,-34.55958308881467
10460030000,0,18,146.40214098535105,-34.55945484881772
10460030000,0,19,146.40218635535814,-34.55932560882022
10460030000,0,20,146.40222632536737,-34.55918429882222
10460030000,0,21,146.40225800537817,-34.559040208823596
10460030000,0,22,146.40228030539055,-34.55889468882427
10460030000,0,23,146.4022935954043,-34.558748798824254
10460030000,0,24,146.40229724541945,-34.558603718823555
10460030000,0,25,146.40228534544133,-34.55841839882143
10460030000,0,26,146.40227256545202,-34.55833760881993
10460030000,0,27,146.40237516543914,-34.55831226882736
10460030000,0,28,146.4026001154072,-34.5582918088439
10460030000,0,29,146.4028008653849,-34.55821562885824
10460030000,0,30,146.40381279525496,-34.55799539893175
10460030000,0,31,146.4047808851311,-34.55778064900204
10460030000,0,32,146.40640013492387,-34.557421479119625
10460030000,0,33,146.40703552484217,-34.55728384916578
10460030000,0,34,146.4074711547872,-34.557179999197366
10460030000,0,35,146.40819903471152,-34.55685716924915
10460030000,0,36,146.4084258446624,-34.55699297926687
10460030000,0,37,146.40860874462115,-34.55711681928127
10460030000,0,38,146.40869981459858,-34.55719745928856
10460030000,0,39,146.4087836945771,-34.557278289295326
10460030000,0,40,146.4089546945338,-34.557438029309075
10460030000,0,41,146.40903751451236,-34.55751948931575
10460030000,0,42,146.4091156244914,-34.55760362932212
10460030000,0,43,146.40919230446994,-34.55769425932842
10460030000,0,44,146.40926607444868,-34.55778695933451
10460030000,0,45,146.4093359344278,-34.55788173934034
10460030000,0,46,146.40940254440721,-34.55797811934591
10460030000,0,47,146.4094651843871,-34.55807585935121
10460030000,0,48,146.40977514408783,-34.56040442938992
10460030000,0,49,146.40990705381716,-34.56271790941533
10460030000,0,50,146.4100000536168,-34.56443691943384
10460030000,0,51,146.40997205353173,-34.56526191943733
10460030000,0,52,146.4069090536325,-34.56863091923304
10460030000,0,53,146.4067670636371,-34.56878790922358
10460030000,0,54,146.4066020536441,-34.568954909212465
10460030000,0,55,146.40644506365206,-34.56910190920183
10460030000,0,56,146.40626606366237,-34.56925791918961
10460030000,0,57,146.4059562136386,-34.56991241917106
10460030000,0,58,146.40584704367106,-34.569765919161995
10460030000,0,59,146.40204403449687,-34.56747992886473
10460030000,0,60,146.4016040645745,-34.56738090883146
10460030000,0,61,146.39920506499763,-34.566841918650084
10460030000,0,62,146.39631905540716,-34.56711291843812
10460030000,0,63,146.39580316548233,-34.56714318840011
10460040000,0,0,146.4119959825995,-34.5710262296263
10460040000,0,1,146.41051422277476,-34.571488379519565
10460040000,0,2,146.40933772291785,-34.57181894943459
10460040000,0,3,146.40923983293118,-34.57183308942742
10460040000,0,4,146.4091350429467,-34.57183730941968
10460040000,0,5,146.4090241529644,-34.57182947941141
10460040000,0,6,146.4089255329813,-34.57181175940398
10460040000,0,7,146.40883015299883,-34.571783929396716
10460040000,0,8,146.40872897301884,-34.57174145938893
10460040000,0,9,146.40736782331288,-34.57093756928262
10460040000,0,10,146.4059562136386,-34.56991241917106
10460040000,0,11,146.40626606366237,-34.56925791918961
10460040000,0,12,146.40644506365206,-34.56910190920183
10460040000,0,13,146.4066020536441,-34.568954909212465
10460040000,0,14,146.4067670636371,-34.56878790922358
10460040000,0,15,146.4069090536325,-34.56863091923304
10460040000,0,16,146.40997205353173,-34.56526191943733
10460040000,0,17,146.41014203347413,-34.56555523945191
10460040000,0,18,146.4109296733349,-34.56573522951153
10460040000,0,19,146.4110959633009,-34.565815059524375
10460040000,0,20,146.41101318330232,-34.56591837951895
10460040000,0,21,146.41094441328914,-34.56613617951532
10460040000,0,22,146.41091740326846,-34.56636531951486
10460040000,0,23,146.4108519231258,-34.56777444951951
10460040000,0,24,146.410838563103,-34.56800367952008
10460040000,0,25,146.4108947430721,-34.56820976952564
10460040000,0,26,146.41103406300624,-34.56862196953873
10460040000,0,27,146.4119959825995,-34.5710262296263
10460050000,0,0,146.38680903888968,-34.64065291823001
10460050000,0,1,146.38618605904782,-34.640069908179974
10460050000,0,2,146.38529804924144,-34.63953290811062
10460050000,0,3,146.38437003942772,-34.63911991803912
10460050000,0,4,146.3834210395781,-34.63906790796851
10460050000,0,5,146.38227902971033,-34.639454917886596
10460050000,0,6,146.38088804985796,-34.64004990778764
10460050000,0,7,146.37957606001277,-34.64046791769336
10460050000,0,8,146.3795020400208,-34.64049792768808
10460050000,0,9,146.37915007005674,-34.64066190766314
10460050000,0,10,146.3787790400977,-34.640805917636655
10460050000,0,11,146.37839605014258,-34.64093091760915
10460050000,0,12,146.37800506019116,-34.64103292758091
10460050000,0,13,146.3776130502424,-34.64111191755242
10460050000,0,14,146.3772310402936,-34.641176907524596
10460050000,0,15,146.37683104034824,-34.64123592749541
10460050000,0,16,146.37643304040532,-34.64126891746617
10460050000,0,17,146.37605804046407,-34.64125492743833
10460050000,0,18,146.37572706052308,-34.64117591741329
10460050000,0,19,146.3755260505635,-34.64108590739782
10460050000,0,20,146.37532804060595,-34.640972917382406
10460050000,0,21,146.37514605064777,-34.64084291736807
10460050000,0,22,146.37499005068727,-34.64069790735555
10460050000,0,23,146.3748750407215,-34.64054391734601
10460050000,0,24,146.3748200707435,-34.64041790734109
10460050000,0,25,146.37478905076287,-34.64028291733788
10460050000,0,26,146.37477105078088,-34.640141907335604
10460050000,0,27,146.37475806079826,-34.63999992733368
10460050000,0,28,146.3747380608165,-34.63985991733126
10460050000,0,29,146.37470506084424,-34.6396499173274
10460050000,0,30,146.37468499086404,-34.63949561732487
10460050000,0,31,146.37637753069092,-34.638710637444824
10460050000,0,32,146.37686608088444,-34.63623617746429
10460050000,0,33,146.37790392092282,-34.63442115752884
10460050000,0,34,146.37510536161219,-34.63199582730542
10460050000,0,35,146.37710917147984,-34.63039694744291
10460050000,0,36,146.38153352143914,-34.624545987730876
10460050000,0,37,146.38376407106844,-34.624829757897906
10460050000,0,38,146.38405607120515,-34.62315691790824
10460050000,0,39,146.39243431963772,-34.625838658546684
10460050000,0,40,146.38965866996816,-34.62669301834689
10460050000,0,41,146.390680049661,-34.62809045843195
10460050000,0,42,146.38866469944995,-34.63287266831496
10460050000,0,43,146.38725021881615,-34.64071033826308
10460050000,0,44,146.38680903888968,-34.64065291823001
10460070000,0,0,146.33170336974874,-34.52523818337752
10460070000,0,1,146.33156404967468,-34.526122003373196
10460070000,0,2,146.3303227598804,-34.52596223328052
10460070000,0,3,146.3301555899062,-34.52595805326815
10460070000,0,4,146.33032746997966,-34.5250342432746
10460070000,0,5,146.3314024298031,-34.525157893354766
10460070000,0,6,146.33170336974874,-34.52523818337752
10460080000,0,0,146.4101969991317,-34.60554474972594
10460080000,0,1,146.41023408916786,-34.60515927972607
10460080000,0,2,146.41046669918552,-34.60466958974002
10460080000,0,3,146.41077015924265,-34.60371701975608
10460080000,0,4,146.4113500393405,-34.60199992978749
10460080000,0,5,146.41217803918863,-34.602237929850496
10460080000,0,6,146.41227403917145,-34.60226191985777
10460080000,0,7,146.41233505916105,-34.602271909862345
10460080000,0,8,146.41231505918174,-34.60210892985977
10460080000,0,9,146.41218602940273,-34.60025191983767
10460080000,0,10,146.4121500494627,-34.59974991983161
10460080000,0,11,146.4120380595758,-34.59886391981734
10460080000,0,12,146.41240002952156,-34.59885592984412
10460080000,0,13,146.41584905894945,-34.59928992010279
10460080000,0,14,146.4160630589143,-34.599313910118816
10460080000,0,15,146.4146710583106,-34.606833920066336
10460080000,0,16,146.41472807824528,-34.60735634007409
10460080000,0,17,146.41218205874372,-34.606334919878414
10460080000,0,18,146.41100704897437,-34.6058579197881
10460080000,0,19,146.4101969991317,-34.60554474972594
10460111000,0,0,146.40631567561,-34.55120299907136
10460111000,0,1,146.4061453656476,-34.55109419905799
10460111000,0,2,146.40563600576644,-34.55071168901766
10460111000,0,3,146.40666942573347,-34.5495658190865
10460111000,0,4,146.40694087567402,-34.54973394910777
10460111000,0,5,146.40720543561687,-34.549890459128434
10460111000,0,6,146.4072479556108,-34.549886939131554
10460111000,0,7,146.40731274560198,-34.54987757913631
10460111000,0,8,146.40733398559894,-34.54987559913787
10460111000,0,9,146.4073551955957,-34.54987585913943
10460111000,0,10,146.40737647559217,-34.54987865914104
10460111000,0,11,146.40741895558457,-34.549889109144246
10460111000,0,12,146.4074391055807,-34.5498965591458
10460111000,0,13,146.40745998557642,-34.5499066491474
10460111000,0,14,146.40631567561,-34.55120299907136
10460112000,0,0,146.4038006060206,-34.550939588883175
10460112000,0,1,146.4037856760844,-34.55037167887823
10460112000,0,2,146.40472974594113,-34.55037004894819
10460112000,0,3,146.40477471593408,-34.55037202895154
10460112000,0,4,146.40482154592632,-34.55037798895504
10460112000,0,5,146.40489498591361,-34.55039219896058
10460112000,0,6,146.40495655590277,-34.55040604896525
10460112000,0,7,146.4049918158963,-34.550416318967926
10460112000,0,8,146.40503682588775,-34.550431898971375
10460112000,0,9,146.40508540587822,-34.5504518789751
10460112000,0,10,146.4051297158691,-34.55047364897853
10460112000,0,11,146.40516245586215,-34.55049227898109
10460112000,0,12,146.40530608583106,-34.550577698992306
10460112000,0,13,146.4053327258255,-34.55059173899436
10460112000,0,14,146.40559771576764,-34.550754189015116
10460112000,0,15,146.4055112157618,-34.55092959900989
10460112000,0,16,146.4038006060206,-34.550939588883175
10460113000,0,0,146.40695672546818,-34.55161250912163
10460113000,0,1,146.40684619547196,-34.55173336911427
10460113000,0,2,146.40645017548295,-34.55218750908797
10460113000,0,3,146.40636162550376,-34.552119489080944
10460113000,0,4,146.40611645555686,-34.55197277906179
10460113000,0,5,146.4057797056256,-34.55181064903574
10460113000,0,6,146.40631567561,-34.55120299907136
10460113000,0,7,146.40695672546818,-34.55161250912163
10460114000,0,0,146.4022676761759,-34.55165690877444
10460114000,0,1,146.40226157618494,-34.551582358773494
10460114000,0,2,146.40224427625614,-34.550948678767924
10460114000,0,3,146.4038006060206,-34.550939588883175
10460114000,0,4,146.40381929594088,-34.55165030888938
10460114000,0,5,146.4022676761759,-34.55165690877444
10460115000,0,0,146.4057797056256,-34.55181064903574
10460115000,0,1,146.40555738566934,-34.551718889018645
10460115000,0,2,146.40535758570783,-34.55164364900334
10460115000,0,3,146.40454505583097,-34.55164697894313
10460115000,0,4,146.40381929594088,-34.55165030888938
10460115000,0,5,146.4038006060206,-34.550939588883175
10460115000,0,6,146.4055112157618,-34.55092959900989
10460115000,0,7,146.40559771576764,-34.550754189015116
10460115000,0,8,146.40563600576644,-34.55071168901766
10460115000,0,9,146.4061453656476,-34.55109419905799
10460115000,0,10,146.40631567561,-34.55120299907136
10460115000,0,11,146.4057797056256,-34.55181064903574
10460116000,0,0,146.40695672546818,-34.55161250912163
10460116000,0,1,146.40631567561,-34.55120299907136
10460116000,0,2,146.40745998557642,-34.5499066491474
10460116000,0,3,146.4074790355724,-34.549917099148885
10460116000,0,4,146.4075042555665,-34.5499364291509
10460116000,0,5,146.40751360556396,-34.549946699151654
10460116000,0,6,146.40752984555897,-34.54996981915302
10460116000,0,7,146.4075359355567,-34.54998215915354
10460116000,0,8,146.40754385555312,-34.55000430915428
10460116000,0,9,146.40755897554163,-34.55008934915598
10460116000,0,10,146.40775446549998,-34.550199779171216
10460116000,0,11,146.4078639254773,-34.550255569179704
10460116000,0,12,146.40791791546653,-34.55027941918386
10460116000,0,13,146.40799565545157,-34.550308129189816
10460116000,0,14,146.40816592542214,-34.55034107920267
10460116000,0,15,146.40818680538112,-34.550690549206585
10460116000,0,16,146.40818607537076,-34.55078720920718
10460116000,0,17,146.40817961536217,-34.5508755792073
10460116000,0,18,146.40816990535558,-34.55095002920707
10460116000,0,19,146.40814903534735,-34.55105558920625
10460116000,0,20,146.4081259953461,-34.55109941920484
10460116000,0,21,146.40808635534648,-34.55115143920225
10460116000,0,22,146.4080017553518,-34.55122110919644
10460116000,0,23,146.40795138535654,-34.5512480991929
10460116000,0,24,146.4078970353625,-34.551269149189
10460116000,0,25,146.4070866654636,-34.55147309913032
10460116000,0,26,146.40695672546818,-34.55161250912163
10460117000,0,0,146.40224427625614,-34.550948678767924
10460117000,0,1,146.40224216628516,-34.55068343876598
10460117000,0,2,146.40222792632,-34.55038183876289
10460117000,0,3,146.40265256625523,-34.55038418879436
10460117000,0,4,146.4037856760844,-34.55037167887823
10460117000,0,5,146.4038006060206,-34.550939588883175
10460117000,0,6,146.40224427625614,-34.550948678767924
10460121000,0,0,146.40725083528247,-34.55291562915224
10460121000,0,1,146.40827517502584,-34.553847629234454
10460121000,0,2,146.40763025507218,-34.55432473918987
10460121000,0,3,146.40722021517476,-34.553953059156974
10460121000,0,4,146.40712732519847,-34.55386449914948
10460121000,0,5,146.40702906522262,-34.553779179141635
10460121000,0,6,146.4065430253449,-34.55333213910259
10460121000,0,7,146.40665789532878,-34.553319709111015
10460121000,0,8,146.40670038532318,-34.553311719114106
10460121000,0,9,146.40676699531647,-34.55328011911883
10460121000,0,10,146.40725083528247,-34.55291562915224
10460122000,0,0,146.40827517502584,-34.553847629234454
10460122000,0,1,146.40892301497928,-34.553368329279245
10460122000,0,2,146.40932407487938,-34.5537283193114
10460122000,0,3,146.40971933478042,-34.55408777934312
10460122000,0,4,146.4092815848108,-34.55442140931292
10460122000,0,5,146.40907456482566,-34.55457448929863
10460122000,0,6,146.40827517502584,-34.553847629234454
10460123000,0,0,146.40827517502584,-34.553847629234454
10460123000,0,1,146.40907456482566,-34.55457448929863
10460123000,0,2,146.40931900476423,-34.554798789318255
10460123000,0,3,146.4088758547968,-34.555119719287575
10460123000,0,4,146.4086732048111,-34.55527252927358
10460123000,0,5,146.40814829494238,-34.55479617923145
10460123000,0,6,146.40763025507218,-34.55432473918987
10460123000,0,7,146.40827517502584,-34.553847629234454
10460124000,0,0,146.40725083528247,-34.55291562915224
10460124000,0,1,146.4078898452377,-34.552431949196325
10460124000,0,2,146.40892301497928,-34.553368329279245
10460124000,0,3,146.40827517502584,-34.553847629234454
10460124000,0,4,146.40725083528247,-34.55291562915224
10460131000,0,0,146.40376746568668,-34.55407130890188
10460131000,0,1,146.40469441565855,-34.55302970896355
10460131000,0,2,146.4050923355731,-34.55326059899458
10460131000,0,3,146.40546810550998,-34.55331621902281
10460131000,0,4,146.40491980552562,-34.5539414389864
10460131000,0,5,146.4044647955383,-34.55446280895621
10460131000,0,6,146.4043647055594,-34.55440870894842
10460131000,0,7,146.40409902561524,-34.55426561892776
10460131000,0,8,146.40376746568668,-34.55407130890188
10460132000,0,0,146.40393703582168,-34.552586128904416
10460132000,0,1,146.40411807580534,-34.552483088917135
10460132000,0,2,146.40454903576295,-34.552269778947625
10460132000,0,3,146.40493640572473,-34.55207861897506
10460132000,0,4,146.40511241568734,-34.552177258988756
10460132000,0,5,146.40533885563883,-34.55230738900642
10460132000,0,6,146.40469441565855,-34.55302970896355
10460132000,0,7,146.40393703582168,-34.552586128904416
10460133000,0,0,146.4057797056256,-34.55181064903574
10460133000,0,1,146.40611645555686,-34.55197277906179
10460133000,0,2,146.40636162550376,-34.552119489080944
10460133000,0,3,146.40645017548295,-34.55218750908797
10460133000,0,4,146.40593103549747,-34.55278196905352
10460133000,0,5,146.40546810550998,-34.55331621902281
10460133000,0,6,146.4050923355731,-34.55326059899458
10460133000,0,7,146.40469441565855,-34.55302970896355
10460133000,0,8,146.40533885563883,-34.55230738900642
10460133000,0,9,146.4057797056256,-34.55181064903574
10460141000,0,0,146.4022676761759,-34.55165690877444
10460141000,0,1,146.40381929594088,-34.55165030888938
10460141000,0,2,146.40389057585173,-34.55237354889953
10460141000,0,3,146.40235195608562,-34.55237291878552
10460141000,0,4,146.4023508560886,-34.55234727878527
10460141000,0,5,146.4022676761759,-34.55165690877444
10460142000,0,0,146.4057797056256,-34.55181064903574
10460142000,0,1,146.40533885563883,-34.55230738900642
10460142000,0,2,146.40511241568734,-34.552177258988756
10460142000,0,3,146.40493640572473,-34.55207861897506
10460142000,0,4,146.40454903576295,-34.552269778947625
10460142000,0,5,146.40454505583097,-34.55164697894313
10460142000,0,6,146.40535758570783,-34.55164364900334
10460142000,0,7,146.40555738566934,-34.551718889018645
10460142000,0,8,146.4057797056256,-34.55181064903574
10460143000,0,0,146.40389057585173,-34.55237354889953
10460143000,0,1,146.40381929594088,-34.55165030888938
10460143000,0,2,146.40454505583097,-34.55164697894313
10460143000,0,3,146.40454903576295,-34.552269778947625
10460143000,0,4,146.40411807580534,-34.552483088917135
10460143000,0,5,146.40393703582168,-34.552586128904416
10460143000,0,6,146.40389057585173,-34.55237354889953
10460151000,0,0,146.3987808667041,-34.5516727285162
10460151000,0,1,146.3987773967396,-34.551349648513764
10460151000,0,2,146.39881711675432,-34.55115803851542
10460151000,0,3,146.39933599676027,-34.550373988548564
10460151000,0,4,146.40057498651004,-34.55094660864422
10460151000,0,5,146.39995488660307,-34.55095744859835
10460151000,0,6,146.3996938065993,-34.551359248581726
10460151000,0,7,146.39970088656477,-34.55166811858434
10460151000,0,8,146.3987808667041,-34.5516727285162
10460152000,0,0,146.4022676761759,-34.55165690877444
10460152000,0,1,146.4023508560886,-34.55234727878527
10460152000,0,2,146.40235195608562,-34.55237291878552
10460152000,0,3,146.40158118620255,-34.55237498872842
10460152000,0,4,146.40072113633286,-34.552378508664724
10460152000,0,5,146.40064696642145,-34.5516639986544
10460152000,0,6,146.40076402640378,-34.55166319866307
10460152000,0,7,146.4022676761759,-34.55165690877444
10460153000,0,0,146.4022676761759,-34.55165690877444
10460153000,0,1,146.40076402640378,-34.55166319866307
10460153000,0,2,146.40075354648215,-34.55095370865751
10460153000,0,3,146.40106492643466,-34.55095533868058
10460153000,0,4,146.40224427625614,-34.550948678767924
10460153000,0,5,146.40226157618494,-34.551582358773494
10460153000,0,6,146.4022676761759,-34.55165690877444
10460154000,0,0,146.39970088656477,-34.55166811858434
10460154000,0,1,146.3996938065993,-34.551359248581726
10460154000,0,2,146.39995488660307,-34.55095744859835
10460154000,0,3,146.40057498651004,-34.55094660864422
10460154000,0,4,146.40075354648215,-34.55095370865751
10460154000,0,5,146.40076402640378,-34.55166319866307
10460154000,0,6,146.40064696642145,-34.5516639986544
10460154000,0,7,146.39970088656477,-34.55166811858434
10460161000,0,0,146.3987808667041,-34.5516727285162
10460161000,0,1,146.39970088656477,-34.55166811858434
10460161000,0,2,146.3999663162613,-34.55409955862042
10460161000,0,3,146.40016279621966,-34.55420818863572
10460161000,0,4,146.39965840623321,-34.55479103860229
10460161000,0,5,146.39944567627995,-34.554658208585636
10460161000,0,6,146.3993941762915,-34.554623998581576
10460161000,0,7,146.39936034629926,-34.5545995185789
10460161000,0,8,146.39909575636264,-34.554385678557864
10460161000,0,9,146.39907520636837,-34.55436155855617
10460161000,0,10,146.39906655637162,-34.554343458555415
10460161000,0,11,146.39904822638036,-34.554288478553694
10460161000,0,12,146.3990352763924,-34.554195428552106
10460161000,0,13,146.39902589641662,-34.553985078549985
10460161000,0,14,146.3987808667041,-34.5516727285162
10460162000,0,0,146.39970088656477,-34.55166811858434
10460162000,0,1,146.40064696642145,-34.5516639986544
10460162000,0,2,146.40072113633286,-34.552378508664724
10460162000,0,3,146.40074635630017,-34.55264480866839
10460162000,0,4,146.40078989620034,-34.55350646867744
10460162000,0,5,146.40041982621273,-34.55391146865276
10460162000,0,6,146.40016279621966,-34.55420818863572
10460162000,0,7,146.3999663162613,-34.55409955862042
10460162000,0,8,146.39970088656477,-34.55166811858434
10460171000,0,0,146.40725083528247,-34.55291562915224
10460171000,0,1,146.40676699531647,-34.55328011911883
10460171000,0,2,146.40670038532318,-34.553311719114106
10460171000,0,3,146.40665789532878,-34.553319709111015
10460171000,0,4,146.4065430253449,-34.55333213910259
10460171000,0,5,146.40641528537626,-34.55322171909237
10460171000,0,6,146.40593103549747,-34.55278196905352
10460171000,0,7,146.40645017548295,-34.55218750908797
10460171000,0,8,146.40725083528247,-34.55291562915224
10460172000,0,0,146.40725083528247,-34.55291562915224
10460172000,0,1,146.40645017548295,-34.55218750908797
10460172000,0,2,146.40684619547196,-34.55173336911427
10460172000,0,3,146.40695672546818,-34.55161250912163
10460172000,0,4,146.40708235544173,-34.55168080913141
10460172000,0,5,146.407224885414,-34.551736979142355
10460172000,0,6,146.4073102253983,-34.551762269148846
10460172000,0,7,146.40739625538302,-34.55178252915536
10460172000,0,8,146.4075737553533,-34.551807889168686
10460172000,0,9,146.40774398532707,-34.551811409181326
10460172000,0,10,146.4078318453143,-34.551806099187814
10460172000,0,11,146.4079193353021,-34.55179556919421
10460172000,0,12,146.40800536529073,-34.551780269200485
10460172000,0,13,146.40841398523926,-34.55168199923011
10460172000,0,14,146.4084942452283,-34.55167056923598
10460172000,0,15,146.40835350521968,-34.551947749227416
10460172000,0,16,146.40830776521875,-34.55202030922452
10460172000,0,17,146.40821670522092,-34.55212838921851
10460172000,0,18,146.40810975522396,-34.5522499892114
10460172000,0,19,146.4078898452377,-34.552431949196325
10460172000,0,20,146.40725083528247,-34.55291562915224
10460200000,0,0,146.40819903471152,-34.55685716924915
10460200000,0,1,146.40831426469882,-34.55681271925738
10460200000,0,2,146.40816881474112,-34.55662639924533
10460200000,0,3,146.40787433483194,-34.55620087922064
10460200000,0,4,146.40767383489455,-34.55590415920377
10460200000,0,5,146.4077321248855,-34.555905859208096
10460200000,0,6,146.4078538148702,-34.55587644921693
10460200000,0,7,146.4079146648643,-34.555845569221226
10460200000,0,8,146.4086732048111,-34.55527252927358
10460200000,0,9,146.4088758547968,-34.555119719287575
10460200000,0,10,146.40931900476423,-34.554798789318255
10460200000,0,11,146.409340604759,-34.55481668931996
10460200000,0,12,146.41048616447208,-34.55585870941193
10460200000,0,13,146.41049911446896,-34.55586887941298
10460200000,0,14,146.41102687434145,-34.55630608945505
10460200000,0,15,146.41120904429542,-34.55647556946968
10460200000,0,16,146.41151790421745,-34.556761949494515
10460200000,0,17,146.4112360142302,-34.557039689475495
10460200000,0,18,146.41096456424071,-34.5573235594573
10460200000,0,19,146.41089222424492,-34.55738619945235
10460200000,0,20,146.41086232424692,-34.557409769450295
10460200000,0,21,146.40955661437772,-34.558034459357714
10460200000,0,22,146.4094651843871,-34.55807585935121
10460200000,0,23,146.40940254440721,-34.55797811934591
10460200000,0,24,146.4093359344278,-34.55788173934034
10460200000,0,25,146.40926607444868,-34.55778695933451
10460200000,0,26,146.40919230446994,-34.55769425932842
10460200000,0,27,146.4091156244914,-34.55760362932212
10460200000,0,28,146.40903751451236,-34.55751948931575
10460200000,0,29,146.4089546945338,-34.557438029309075
10460200000,0,30,146.4087836945771,-34.557278289295326
10460200000,0,31,146.40869981459858,-34.55719745928856
10460200000,0,32,146.40860874462115,-34.55711681928127
10460200000,0,33,146.4084258446624,-34.55699297926687
10460200000,0,34,146.40819903471152,-34.55685716924915
10460220000,0,0,146.40570006526772,-34.555227909052924
10460220000,0,1,146.40594833522906,-34.55523699907138
10460220000,0,2,146.40750027498814,-34.55528361918672
10460220000,0,3,146.40814829494238,-34.55479617923145
10460220000,0,4,146.4086732048111,-34.55527252927358
10460220000,0,5,146.4079146648643,-34.555845569221226
10460220000,0,6,146.4078538148702,-34.55587644921693
10460220000,0,7,146.4077321248855,-34.555905859208096
10460220000,0,8,146.40767383489455,-34.55590415920377
10460220000,0,9,146.40752874491548,-34.555914779193095
10460220000,0,10,146.40548558523267,-34.55585311904125
10460220000,0,11,146.40549405523853,-34.555786929041425
10460220000,0,12,146.4055160652941,-34.55524291903938
10460220000,0,13,146.4055550452904,-34.55522191904213
10460220000,0,14,146.40570006526772,-34.555227909052924
10460230000,0,0,146.40501484530574,-34.55583899900626
10460230000,0,1,146.40548558523267,-34.55585311904125
10460230000,0,2,146.40752874491548,-34.555914779193095
10460230000,0,3,146.40767383489455,-34.55590415920377
10460230000,0,4,146.40787433483194,-34.55620087922064
10460230000,0,5,146.40718568490357,-34.55650616917167
10460230000,0,6,146.40617624503253,-34.55673225909837
10460230000,0,7,146.40537415513515,-34.55691009904013
10460230000,0,8,146.40506777528154,-34.55598812901119
10460230000,0,9,146.40501484530574,-34.55583899900626
10460241000,0,0,146.39314705801456,-34.54747291807053
10460241000,0,1,146.39298506803593,-34.54750291805875
10460241000,0,2,146.39103768835736,-34.54726671791293
10460241000,0,3,146.39087365838574,-34.54723479790057
10460241000,0,4,146.39107005846938,-34.54618592790803
10460241000,0,5,146.38784929900262,-34.54577992766679
10460241000,0,6,146.38609452929316,-34.545558757535396
10460241000,0,7,146.3864351094696,-34.54344834754634
10460241000,0,8,146.38647361949305,-34.54317759754736
10460241000,0,9,146.38669305945967,-34.54317791756362
10460241000,0,10,146.3909530487545,-34.54371391788265
10460241000,0,11,146.3912080687124,-34.54374492790175
10460241000,0,12,146.39106005870178,-34.54405091789286
10460241000,0,13,146.39108006869466,-34.5440889078946
10460241000,0,14,146.3925600684168,-34.54457891800752
10460241000,0,15,146.39273807838023,-34.54466692802129
10460241000,0,16,146.39314705801456,-34.54747291807053
10460242000,0,0,146.39314705801456,-34.54747291807053
10460242000,0,1,146.3931150479926,-34.54772092806983
10460242000,0,2,146.3924640677098,-34.55124990804546
10460242000,0,3,146.39248406769482,-34.551359908047694
10460242000,0,4,146.39216805770917,-34.55167091802639
10460242000,0,5,146.39206158770915,-34.551820688019504
10460242000,0,6,146.39204004770127,-34.5519239180186
10460242000,0,7,146.3918687577297,-34.55190184800578
10460242000,0,8,146.39006806803516,-34.55160792787045
10460242000,0,9,146.39087365838574,-34.54723479790057
10460242000,0,10,146.39103768835736,-34.54726671791293
10460242000,0,11,146.39298506803593,-34.54750291805875
10460242000,0,12,146.39314705801456,-34.54747291807053
10460243000,0,0,146.38682072857563,-34.55117333762709
10460243000,0,1,146.38509953886293,-34.55093551749805
10460243000,0,2,146.3851286988907,-34.5506376574982
10460243000,0,3,146.38546515903553,-34.54882559751087
10460243000,0,4,146.38609452929316,-34.545558757535396
10460243000,0,5,146.38784929900262,-34.54577992766679
10460243000,0,6,146.38682072857563,-34.55117333762709
10460244000,0,0,146.38803785837285,-34.55133813771832
10460244000,0,1,146.38682072857563,-34.55117333762709
10460244000,0,2,146.38784929900262,-34.54577992766679
10460244000,0,3,146.39107005846938,-34.54618592790803
10460244000,0,4,146.39087365838574,-34.54723479790057
10460244000,0,5,146.39006806803516,-34.55160792787045
10460244000,0,6,146.38901536821,-34.551470487791576
10460244000,0,7,146.38803785837285,-34.55133813771832
10460250000,0,0,146.39859281561573,-34.561992378571986
10460250000,0,1,146.3994611154827,-34.56200210863636
10460250000,0,2,146.40004920537865,-34.56213725868084
10460250000,0,3,146.399953615381,-34.562249438674534
10460250000,0,4,146.39819967542843,-34.564274968558266
10460250000,0,5,146.39792767543528,-34.56459345854026
10460250000,0,6,146.39724498557652,-34.56424769848735
10460250000,0,7,146.39713880557898,-34.56437404848034
10460250000,0,8,146.39710350558013,-34.564412938478
10460250000,0,9,146.39683351563787,-34.56425903845694
10460250000,0,10,146.3957279358773,-34.56359997837062
10460250000,0,11,146.39575928587698,-34.56355866837265
10460250000,0,12,146.39578914587796,-34.563507808374524
10460250000,0,13,146.39581144588033,-34.56345452837581
10460250000,0,14,146.3958222458826,-34.563417988376365
10460250000,0,15,146.39583232588714,-34.56336209837674
10460250000,0,16,146.39583451589087,-34.56332456837665
10460250000,0,17,146.3958330558952,-34.56328695837628
10460250000,0,18,146.3958247659025,-34.563230878375286
10460250000,0,19,146.395814695908,-34.5631941583743
10460250000,0,20,146.395793815917,-34.56314052837238
10460250000,0,21,146.39576538592686,-34.563089228369925
10460250000,0,22,146.3957423559339,-34.56305662836802
10460250000,0,23,146.3957027159449,-34.563010728364766
10460250000,0,24,146.39567285595248,-34.56298238836236
10460250000,0,25,146.39562317596423,-34.56294359835842
10460250000,0,26,146.3955871959722,-34.56292046835559
10460250000,0,27,146.3961203459576,-34.562306748390945
10460250000,0,28,146.39633131591185,-34.562432938407426
10460250000,0,29,146.39702251576273,-34.56283991846137
10460250000,0,30,146.39726224571618,-34.56293325847976
10460250000,0,31,146.39727845581712,-34.56197789847451
10460250000,0,32,146.39859281561573,-34.561992378571986
10460260000,0,0,146.39859281561573,-34.561992378571986
10460260000,0,1,146.39860398566577,-34.56151429856958
10460260000,0,2,146.40004508562689,-34.559849838665095
10460260000,0,3,146.400145855626,-34.55971656867167
10460260000,0,4,146.4002581656264,-34.55955509867889
10460260000,0,5,146.4013464854339,-34.55980538876121
10460260000,0,6,146.40190307533632,-34.559925188803284
10460260000,0,7,146.40188610533588,-34.5599526288022
10460260000,0,8,146.4016434553358,-34.56029426878653
10460260000,0,9,146.401377075341,-34.560620348769
10460260000,0,10,146.40109628534935,-34.56093732875033
10460260000,0,11,146.40081150535863,-34.561251698731354
10460260000,0,12,146.40053286536653,-34.56156983871285
10460260000,0,13,146.40004920537865,-34.56213725868084
10460260000,0,14,146.3994611154827,-34.56200210863636
10460260000,0,15,146.39859281561573,-34.561992378571986
10460270000,0,0,146.39859281561573,-34.561992378571986
10460270000,0,1,146.39727845581712,-34.56197789847451
10460270000,0,2,146.3972885659636,-34.56061016846602
10460270000,0,3,146.397307615985,-34.560385708465915
10460270000,0,4,146.3983649459605,-34.559127068535744
10460270000,0,5,146.39863928591194,-34.5591906885565
10460270000,0,6,146.39918141581686,-34.55930760859746
10460270000,0,7,146.4002581656264,-34.55955509867889
10460270000,0,8,146.400145855626,-34.55971656867167
10460270000,0,9,146.40004508562689,-34.559849838665095
10460270000,0,10,146.39860398566577,-34.56151429856958
10460270000,0,11,146.39859281561573,-34.561992378571986
10460280000,0,0,146.40142124576744,-34.55661905874524
10460280000,0,1,146.40149694574816,-34.55669075875134
10460280000,0,2,146.4016218857144,-34.556827288761525
10460280000,0,3,146.40174247567907,-34.55698451877151
10460280000,0,4,146.40184759564497,-34.55715190878043
10460280000,0,5,146.40193975561206,-34.55732634878844
10460280000,0,6,146.4020203855805,-34.55750453879562
10460280000,0,7,146.4020920055503,-34.55768335880212
10460280000,0,8,146.4021560955211,-34.5578630188081
10460280000,0,9,146.40221190549278,-34.55804641881347
10460280000,0,10,146.40225581546596,-34.558232108817975
10460280000,0,11,146.40227256545202,-34.55833760881993
10460280000,0,12,146.40228534544133,-34.55841839882143
10460280000,0,13,146.40229724541945,-34.558603718823555
10460280000,0,14,146.4022935954043,-34.558748798824254
10460280000,0,15,146.40228030539055,-34.55889468882427
10460280000,0,16,146.40225800537817,-34.559040208823596
10460280000,0,17,146.40222632536737,-34.55918429882222
10460280000,0,18,146.40218635535814,-34.55932560882022
10460280000,0,19,146.40214098535105,-34.55945484881772
10460280000,0,20,146.40208805534522,-34.55958308881467
10460280000,0,21,146.40202757534075,-34.55970934881105
10460280000,0,22,146.40196027533761,-34.559832838806884
10460280000,0,23,146.40190307533632,-34.559925188803284
10460280000,0,24,146.4013464854339,-34.55980538876121
10460280000,0,25,146.4002581656264,-34.55955509867889
10460280000,0,26,146.39918141581686,-34.55930760859746
10460280000,0,27,146.39863928591194,-34.5591906885565
10460280000,0,28,146.3983649459605,-34.559127068535744
10460280000,0,29,146.39887649595065,-34.5584998585694
10460280000,0,30,146.3989553359397,-34.55849056857519
10460280000,0,31,146.3993682658804,-34.558458178605555
10460280000,0,32,146.39942801587262,-34.558446578609896
10460280000,0,33,146.39949787586414,-34.55842676861495
10460280000,0,34,146.39963000584967,-34.5583748386244
10460280000,0,35,146.39965263584745,-34.55836358862598
10460280000,0,36,146.399756325841,-34.558277378633086
10460280000,0,37,146.39977147584023,-34.558263148634104
10460280000,0,38,146.39981717583865,-34.55821347863716
10460280000,0,39,146.39983805583927,-34.558178738638475
10460280000,0,40,146.39986327584145,-34.55812291863996
10460280000,0,41,146.39995864585532,-34.557860938645256
10460280000,0,42,146.4002772559154,-34.5568585186621
10460280000,0,43,146.40031974591204,-34.55682971866505
10460280000,0,44,146.4003388359109,-34.55681369866636
10460280000,0,45,146.4004867359058,-34.556652998676235
10460280000,0,46,146.40088746589203,-34.55621762870298
10460280000,0,47,146.40105196585577,-34.55632157871586
10460280000,0,48,146.4012096858194,-34.55643623872833
10460280000,0,49,146.40135867578337,-34.556559798740196
10460280000,0,50,146.40142124576744,-34.55661905874524
10460300000,0,0,146.4101969991317,-34.60554474972594
10460300000,0,1,146.40908557934753,-34.60511526964065
10460300000,0,2,146.40906903937974,-34.60484091963757
10460300000,0,3,146.40806806957434,-34.60445191956074
10460300000,0,4,146.40812303958106,-34.60431292956388
10460300000,0,5,146.40815303958453,-34.60423892956561
10460300000,0,6,146.4082430495734,-34.60421490957211
10460300000,0,7,146.4087440496336,-34.60295590960075
10460300000,0,8,146.40913203955853,-34.603103909630526
10460300000,0,9,146.41000913939223,-34.60340597969757
10460300000,0,10,146.41065704946683,-34.60180791973482
10460300000,0,11,146.4113500393405,-34.60199992978749
10460300000,0,12,146.41077015924265,-34.60371701975608
10460300000,0,13,146.41046669918552,-34.60466958974002
10460300000,0,14,146.41023408916786,-34.60515927972607
10460300000,0,15,146.4101969991317,-34.60554474972594
10460331000,0,0,146.3968710466293,-34.555045928397504
10460331000,0,1,146.39659159669014,-34.554876258375664
10460331000,0,2,146.39647928671542,-34.55480022836684
10460331000,0,3,146.39634784674462,-34.55471490835653
10460331000,0,4,146.39622258677207,-34.55463731834672
10460331000,0,5,146.3960954867995,-34.55456198833679
10460331000,0,6,146.39589568684207,-34.55444948832124
10460331000,0,7,146.39575206687232,-34.55437198831008
10460331000,0,8,146.39567862688742,-34.554335198304386
10460331000,0,9,146.3956044569025,-34.55430026829865
10460331000,0,10,146.39550977692136,-34.55425885829137
10460331000,0,11,146.3954140369402,-34.554219178284015
10460331000,0,12,146.39531610695906,-34.55418236827651
10460331000,0,13,146.39521675697773,-34.554149438268915
10460331000,0,14,146.39516386698736,-34.55413466826491
10460331000,0,15,146.39519554698663,-34.55409687826698
10460331000,0,16,146.39581586696966,-34.55338255830812
10460331000,0,17,146.39584736697208,-34.55331584831
10460331000,0,18,146.40088746589203,-34.55621762870298
10460331000,0,19,146.4004867359058,-34.556652998676235
10460331000,0,20,146.40026904595544,-34.55649991865906
10460331000,0,21,146.3984380563514,-34.5554129085161
10460331000,0,22,146.39735806657288,-34.554882918432504
10460331000,0,23,146.3968710466293,-34.555045928397504
10460332000,0,0,146.3987808667041,-34.5516727285162
10460332000,0,1,146.39902589641662,-34.553985078549985
10460332000,0,2,146.3990352763924,-34.554195428552106
10460332000,0,3,146.39904822638036,-34.554288478553694
10460332000,0,4,146.39906655637162,-34.554343458555415
10460332000,0,5,146.39907520636837,-34.55436155855617
10460332000,0,6,146.39909575636264,-34.554385678557864
10460332000,0,7,146.39936034629926,-34.5545995185789
10460332000,0,8,146.3993941762915,-34.554623998581576
10460332000,0,9,146.39944567627995,-34.554658208585636
10460332000,0,10,146.39965840623321,-34.55479103860229
10460332000,0,11,146.39988305618445,-34.55492648861984
10460332000,0,12,146.4009961659437,-34.55558789870678
10460332000,0,13,146.40112471591533,-34.55566935871685
10460332000,0,14,146.4013141158728,-34.55579617873173
10460332000,0,15,146.4011729358782,-34.55594456872229
10460332000,0,16,146.40088746589203,-34.55621762870298
10460332000,0,17,146.39584736697208,-34.55331584831
10460332000,0,18,146.39572614700185,-34.553211008300316
10460332000,0,19,146.39495935716755,-34.55275649824045
10460332000,0,20,146.39422351732136,-34.552368238183334
10460332000,0,21,146.39335087748367,-34.552094458116855
10460332000,0,22,146.39204004770127,-34.5519239180186
10460332000,0,23,146.39206158770915,-34.551820688019504
10460332000,0,24,146.39216805770917,-34.55167091802639
10460332000,0,25,146.39248406769482,-34.551359908047694
10460332000,0,26,146.39280581766988,-34.55113863807003
10460332000,0,27,146.3948519374916,-34.549912358213284
10460332000,0,28,146.39566588740908,-34.54953173827101
10460332000,0,29,146.3964504572959,-34.549476038328734
10460332000,0,30,146.3967701572278,-34.54965657835365
10460332000,0,31,146.39739890704794,-34.55043574840548
10460332000,0,32,146.3984052067872,-34.55143202848675
10460332000,0,33,146.3987808667041,-34.5516727285162
10460333000,0,0,146.39314705801456,-34.54747291807053
10460333000,0,1,146.39433505772112,-34.54851692816557
10460333000,0,2,146.39874403725926,-34.546593928479176
10460333000,0,3,146.39881535726934,-34.546400948483154
10460333000,0,4,146.39977359707908,-34.54681344855693
10460333000,0,5,146.39739890704794,-34.55043574840548
10460333000,0,6,146.3967701572278,-34.54965657835365
10460333000,0,7,146.3964504572959,-34.549476038328734
10460333000,0,8,146.39566588740908,-34.54953173827101
10460333000,0,9,146.3948519374916,-34.549912358213284
10460333000,0,10,146.39280581766988,-34.55113863807003
10460333000,0,11,146.39248406769482,-34.551359908047694
10460333000,0,12,146.3924640677098,-34.55124990804546
10460333000,0,13,146.3931150479926,-34.54772092806983
10460333000,0,14,146.39314705801456,-34.54747291807053
10460334000,0,0,146.3987808667041,-34.5516727285162
10460334000,0,1,146.3984052067872,-34.55143202848675
10460334000,0,2,146.39739890704794,-34.55043574840548
10460334000,0,3,146.39977359707908,-34.54681344855693
10460334000,0,4,146.40124290678577,-34.54746132867017
10460334000,0,5,146.40089717678336,-34.54796895864798
10460334000,0,6,146.39957496676203,-34.55002213856388
10460334000,0,7,146.39933599676027,-34.550373988548564
10460334000,0,8,146.39881711675432,-34.55115803851542
10460334000,0,9,146.3987773967396,-34.551349648513764
10460334000,0,10,146.3987808667041,-34.5516727285162
10460341000,0,0,146.389610935989,-34.571162517968645
10460341000,0,1,146.3914361557436,-34.570864828101804
10460341000,0,2,146.39391282541013,-34.570465898282514
10460341000,0,3,146.39394899535588,-34.570916258288264
10460341000,0,4,146.3940831352658,-34.57155981830253
10460341000,0,5,146.39465227486204,-34.57449032836447
10460341000,0,6,146.39483477473135,-34.5754408983844
10460341000,0,7,146.3949607746502,-34.57601349839759
10460341000,0,8,146.3952808045383,-34.57659731842526
10460341000,0,9,146.39587805437435,-34.577272328474045
10460341000,0,10,146.3980438238257,-34.579296878648144
10460341000,0,11,146.3993211035038,-34.58047487875072
10460341000,0,12,146.3995849634364,-34.580726518771975
10460341000,0,13,146.39993240333894,-34.58113835880048
10460341000,0,14,146.40057173315242,-34.58196222885342
10460341000,0,15,146.40183679276288,-34.58378175895944
10460341000,0,16,146.4025736925392,-34.58481160902099
10460341000,0,17,146.4030740723775,-34.58560128906341
10460341000,0,18,146.40329693229523,-34.58604766908294
10460341000,0,19,146.40356189218173,-34.58672312910711
10460341000,0,20,146.4037577520713,-34.58746743912667
10460341000,0,21,146.40386896197734,-34.58817807913971
10460341000,0,22,146.40427805162906,-34.590817919187835
10460341000,0,23,146.40386805169604,-34.590775919157174
10460341000,0,24,146.39998606234752,-34.590215928865746
10460341000,0,25,146.3928120535355,-34.58932792832834
10460341000,0,26,146.38601805466067,-34.588485917819575
10460341000,0,27,146.38582968468583,-34.58851817780585
10460341000,0,28,146.3856320648032,-34.58771190778578
10460341000,0,29,146.3855700548568,-34.587303907778434
10460341000,0,30,146.38558604487295,-34.58713191777846
10460341000,0,31,146.38576905490214,-34.586604907788455
10460341000,0,32,146.3862570550487,-34.58456491781081
10460341000,0,33,146.38636407506507,-34.58426291781669
10460341000,0,34,146.38676105518013,-34.58264191783514
10460341000,0,35,146.3875080253629,-34.57990291787195
10460341000,0,36,146.38753904538626,-34.57964391787251
10460341000,0,37,146.38792007547778,-34.5782629278914
10460341000,0,38,146.38795106549122,-34.578094907892556
10460341000,0,39,146.38875906569945,-34.57503491793172
10460341000,0,40,146.3888050557205,-34.57477591793337
10460341000,0,41,146.388830055727,-34.57468091793459
10460341000,0,42,146.3892020658282,-34.5732229179523
10460341000,0,43,146.38937007586117,-34.57268191796107
10460341000,0,44,146.389610935989,-34.571162517968645
10460342000,0,0,146.39082704716765,-34.558560927973616
10460342000,0,1,146.39194518684144,-34.56000462806616
10460342000,0,2,146.39230072673925,-34.560449608095496
10460342000,0,3,146.3923187267317,-34.560493878097134
10460342000,0,4,146.3923554767017,-34.56071933810138
10460342000,0,5,146.39239073667738,-34.560894478105176
10460342000,0,6,146.39242815664994,-34.5610960781093
10460342000,0,7,146.392921746299,-34.56364524816308
10460342000,0,8,146.39350077588747,-34.56663471822614
10460342000,0,9,146.39378609568462,-34.568107978257224
10460342000,0,10,146.39387574562133,-34.568566518266955
10460342000,0,11,146.39389015561463,-34.5686083882683
10460342000,0,12,146.39390888560817,-34.56864203826993
10460342000,0,13,146.39394487559753,-34.56868956827291
10460342000,0,14,146.39397797558863,-34.5687253782756
10460342000,0,15,146.39401506557934,-34.56875886827858
10460342000,0,16,146.3940575455692,-34.56879288828195
10460342000,0,17,146.39408167556365,-34.568810078283846
10460342000,0,18,146.3941320855525,-34.56884246828781
10460342000,0,19,146.39417274554384,-34.56886558829097
10460342000,0,20,146.39423212553152,-34.56889583829558
10460342000,0,21,146.39429873551705,-34.56893570830078
10460342000,0,22,146.3941475255117,-34.56919760829134
10460342000,0,23,146.39399651549132,-34.56959789828286
10460342000,0,24,146.39392793547515,-34.56984416827945
10460342000,0,25,146.39389373543736,-34.57024115827959
10460342000,0,26,146.39391282541013,-34.570465898282514
10460342000,0,27,146.3914361557436,-34.570864828101804
10460342000,0,28,146.389610935989,-34.571162517968645
10460342000,0,29,146.38972105603656,-34.570567927972796
10460342000,0,30,146.38991903612074,-34.56951192798032
10460342000,0,31,146.39011708623346,-34.568191917986084
10460342000,0,32,146.39023906627563,-34.56763091799132
10460342000,0,33,146.39043404637042,-34.566480927997986
10460342000,0,34,146.3908110565548,-34.56424691801083
10460342000,0,35,146.39111199663768,-34.56305834802509
10460342000,0,36,146.39138888677812,-34.561371488034204
10460342000,0,37,146.39118831692312,-34.56031307801221
10460342000,0,38,146.39073666715268,-34.5588258979687
10460342000,0,39,146.39082704716765,-34.558560927973616
10460350000,0,0,146.423890949382,-34.676113891217305
10460350000,0,1,146.42398103936358,-34.67615692122429
10460350000,0,2,146.42415203940556,-34.67553092123275
10460350000,0,3,146.42485403939676,-34.67462591127874
10460350000,0,4,146.42597502933734,-34.673597921355
10460350000,0,5,146.42735603920207,-34.67290292145279
10460350000,0,6,146.43039305897855,-34.67069492166329
10460350000,0,7,146.4323620589109,-34.668552921794976
10460350000,0,8,146.43260203902096,-34.667203921803726
10460350000,0,9,146.43262601915998,-34.665891921796636
10460350000,0,10,146.4329340491794,-34.6652809218154
10460350000,0,11,146.4335020191634,-34.664630921853174
10460350000,0,12,146.43456504902662,-34.6643969119305
10460350000,0,13,146.43522405903175,-34.663424921972876
10460350000,0,14,146.4374440587564,-34.66284191213376
10460350000,0,15,146.43805605865398,-34.662924922179755
10460350000,0,16,146.43895500847256,-34.66333192224925
10460350000,0,17,146.43779803878766,-34.662057922154744
10460350000,0,18,146.43791103906446,-34.65935392214492
10460350000,0,19,146.43811204900757,-34.65959492216147
10460350000,0,20,146.4388680389389,-34.65916593221471
10460350000,0,21,146.44192804835993,-34.66019691244888
10460350000,0,22,146.44350006813877,-34.66002492256447
10460350000,0,23,146.4438800681156,-34.65970492259053
10460350000,0,24,146.44437606820918,-34.658148932616896
10460350000,0,25,146.44465404830734,-34.65685692262883
10460350000,0,26,146.44517705872573,-34.65227691263681
10460350000,0,27,146.44506806874324,-34.65226892262864
10460350000,0,28,146.44603305951412,-34.64382793264341
10460350000,0,29,146.44598505966064,-34.6425479126312
10460350000,0,30,146.44572203985103,-34.64116593260237
10460350000,0,31,146.44611503985885,-34.64054292262735
10460350000,0,32,146.44619803984793,-34.64052692263341
10460350000,0,33,146.4467370297934,-34.64027291267173
10460350000,0,34,146.45003502933673,-34.63984893291388
10460350000,0,35,146.4513240591395,-34.63985592300969
10460350000,0,36,146.46496903668367,-34.6433089340472
10460350000,0,37,146.46592803651112,-34.643550934120135
10460350000,0,38,146.46710902629155,-34.64391392421041
10460350000,0,39,146.46794301610487,-34.64446092427612
10460350000,0,40,146.46873802588667,-34.64535192434125
10460350000,0,41,146.4690730557794,-34.645867924369654
10460350000,0,42,146.47016006533553,-34.64842192446773
10460350000,0,43,146.47155903476124,-34.65173592459413
10460350000,0,44,146.4723130545379,-34.65273092465693
10460350000,0,45,146.48397104118317,-34.66719593562194
10460350000,0,46,146.48515503089305,-34.668199925716834
10460350000,0,47,146.48708803049647,-34.66913191586702
10460350000,0,48,146.48979701998888,-34.66999592607454
10460350000,0,49,146.49007500992957,-34.67015091609628
10460350000,0,50,146.49021001990144,-34.67021992610681
10460350000,0,51,146.49060403982247,-34.67039293613731
10460350000,0,52,146.49115102971695,-34.6705949161794
10460350000,0,53,146.49211903954833,-34.67078692625278
10460350000,0,54,146.49290900941088,-34.67094192631264
10460350000,0,55,146.49342902932008,-34.67104692635208
10460350000,0,56,146.49346804932952,-34.67090591635404
10460350000,0,57,146.49450602915545,-34.67104992643232
10460350000,0,58,146.49476558911272,-34.671078116451845
10460350000,0,59,146.4946965990847,-34.67143111644909
10460350000,0,60,146.49456661903878,-34.67203412644348
10460350000,0,61,146.49433958908162,-34.671959126426046
10460350000,0,62,146.49251575826966,-34.681950196357555
10460350000,0,63,146.49234774829765,-34.68192919634492
10460350000,0,64,146.49063396753291,-34.69133326628067
10460350000,0,65,146.49052194749157,-34.69186926627593
10460350000,0,66,146.49047460746291,-34.69219806627462
10460350000,0,67,146.48656519813596,-34.69150113597886
10460350000,0,68,146.48537073826273,-34.69201109589337
10460350000,0,69,146.48420339845035,-34.6919255258059
10460350000,0,70,146.48154287870346,-34.693329655617326
10460350000,0,71,146.47936305897528,-34.69388970545889
10460350000,0,72,146.4790708389557,-34.694478695441106
10460350000,0,73,146.47849362901667,-34.69472809539984
10460350000,0,74,146.47616999933524,-34.695060995229184
10460350000,0,75,146.46962238012506,-34.696989994755086
10460350000,0,76,146.46863902969403,-34.70232091471786
10460350000,0,77,146.46321207055001,-34.702074964312644
10460350000,0,78,146.46060998097096,-34.70186106411774
10460350000,0,79,146.4582840513472,-34.70166988394355
10460350000,0,80,146.45357552259375,-34.69683209356103
10460350000,0,81,146.45144144307562,-34.695401253392795
10460350000,0,82,146.44861305367775,-34.693840093172156
10460350000,0,83,146.44985325419827,-34.68732045322036
10460350000,0,84,146.4465955547424,-34.68689260297546
10460350000,0,85,146.44485103509217,-34.68612692284072
10460350000,0,86,146.44455337517752,-34.68576077281614
10460350000,0,87,146.44428809522475,-34.685698812796026
10460350000,0,88,146.44412143525108,-34.68569052278359
10460350000,0,89,146.44373139531734,-34.68562918275421
10460350000,0,90,146.44353670534917,-34.68560997273963
10460350000,0,91,146.44330007538858,-34.68558006272185
10460350000,0,92,146.44307764542458,-34.6855613727052
10460350000,0,93,146.4429109554509,-34.685553092692764
10460350000,0,94,146.44255179550007,-34.68560576266644
10460350000,0,95,146.4423725455233,-34.68564355265339
10460350000,0,96,146.4422067955458,-34.68566962264126
10460350000,0,97,146.44204141556696,-34.68570715262922
10460350000,0,98,146.44187501559202,-34.68571032261688
10460350000,0,99,146.44168192561736,-34.68574835260281
10460350000,0,100,146.44133594566702,-34.6857778625773
10460350000,0,101,146.44111602569262,-34.68585081256146
10460350000,0,102,146.44095093571255,-34.685899782549534
10460350000,0,103,146.44059046576683,-34.685906622522815
10460350000,0,104,146.440425085788,-34.68594416251078
10460350000,0,105,146.44023225581208,-34.68599366249679
10460350000,0,106,146.44006650583452,-34.68601973248467
10460350000,0,107,146.43988692585913,-34.686046062471505
10460350000,0,108,146.43969318588705,-34.68606119245723
10460350000,0,109,146.43952681591213,-34.68606435244488
10460350000,0,110,146.43930624594037,-34.68611439242885
10460350000,0,111,146.43891869599625,-34.68614466240028
10460350000,0,112,146.43875236602128,-34.68614782238795
10460350000,0,113,146.43858475605154,-34.68610516237522
10460350000,0,114,146.43841652608435,-34.686039602362285
10460350000,0,115,146.43823285612578,-34.68591702234782
10460350000,0,116,146.4381175561606,-34.68575875233819
10460350000,0,117,146.43798870619625,-34.68561221232764
10460350000,0,118,146.4379017662243,-34.68547633232027
10460350000,0,119,146.43784227624946,-34.68532848231486
10460350000,0,120,146.437727296283,-34.685181662305325
10460350000,0,121,146.43755782632098,-34.685070272291995
10460350000,0,122,146.43739051634992,-34.68503908227937
10460350000,0,123,146.43722290638016,-34.684996402266634
10460350000,0,124,146.4370146364128,-34.68498891225113
10460350000,0,125,146.4368485964366,-34.68500351223889
10460350000,0,126,146.43662776646613,-34.68504208222275
10460350000,0,127,146.43646198648858,-34.685068142210625
10460350000,0,128,146.43628273651186,-34.685105922197565
10460350000,0,129,146.43610406653255,-34.68516662218471
10460350000,0,130,146.43572344655996,-34.68544888215835
10460350000,0,131,146.43555802658113,-34.68548639214633
10460350000,0,132,146.4353913666075,-34.6854781021339
10460350000,0,133,146.43522408663642,-34.68544690212127
10460350000,0,134,146.4350564866667,-34.68540422210854
10460350000,0,135,146.4348478867006,-34.68538525209293
10460350000,0,136,146.434652576735,-34.685343112078144
10460350000,0,137,146.43447076676864,-34.68528926206429
10460350000,0,138,146.43392355687726,-34.68505895202212
10460350000,0,139,146.43374083691475,-34.68497073200795
10460350000,0,140,146.43354395695565,-34.68487132199267
10460350000,0,141,146.4333757269885,-34.684805741979744
10460350000,0,142,146.43320688702389,-34.68471726196662
10460350000,0,143,146.43302543705622,-34.68467484195287
10460350000,0,144,146.432944227075,-34.68461612194643
10460350000,0,145,146.43229850720562,-34.68432184189653
10460350000,0,146,146.42986238761705,-34.68396003171328
10460350000,0,147,146.4300370076939,-34.68300819171983
10460350000,0,148,146.42801632821056,-34.68109470155697
10460350000,0,149,146.42738367839786,-34.680260641504404
10460350000,0,150,146.42703520851964,-34.6796302414743
10460350000,0,151,146.42672159866515,-34.67873236144497
10460350000,0,152,146.42678835875284,-34.67783211144387
10460350000,0,153,146.42457046916715,-34.67713633127462
10460350000,0,154,146.423890949382,-34.676113891217305
10460362000,0,0,146.40812303958106,-34.60431292956388
10460362000,0,1,146.4056410400644,-34.60334091937335
10460362000,0,2,146.4043820403173,-34.60277592927625
10460362000,0,3,146.40452206031986,-34.60255592928514
10460362000,0,4,146.40501404029123,-34.60212892931872
10460362000,0,5,146.40576703023618,-34.6015789193708
10460362000,0,6,146.40631505012126,-34.60186892941337
10460362000,0,7,146.4063090601261,-34.601832929412694
10460362000,0,8,146.4064501701052,-34.60182790942312
10460362000,0,9,146.40678027002232,-34.602128519449614
10460362000,0,10,146.40700094997777,-34.60222985946666
10460362000,0,11,146.40758381986183,-34.60248042951155
10460362000,0,12,146.40858172966773,-34.60286956958814
10460362000,0,13,146.4087084596426,-34.602923129597905
10460362000,0,14,146.4087440496336,-34.60295590960075
10460362000,0,15,146.4082430495734,-34.60421490957211
10460362000,0,16,146.40815303958453,-34.60423892956561
10460362000,0,17,146.40812303958106,-34.60431292956388
10460370000,0,0,146.3868208264815,-34.38526515650447
10460370000,0,1,146.3867920564665,-34.38544491650356
10460370000,0,2,146.39695508479528,-34.386713927264715
10460370000,0,3,146.39400456349145,-34.402945547156186
10460370000,0,4,146.3925586528532,-34.410892597102965
10460370000,0,5,146.38948072336024,-34.410504606872436
10460370000,0,6,146.38944772334582,-34.41068461687121
10460370000,0,7,146.38761885251134,-34.42099064680562
10460370000,0,8,146.40007959046417,-34.42250354773867
10460370000,0,9,146.3984896897432,-34.43141456768126
10460370000,0,10,146.3975077592974,-34.436922597645804
10460370000,0,11,146.39747640928277,-34.43710200764472
10460370000,0,12,146.39944072895847,-34.43735356779193
10460370000,0,13,146.39974473890751,-34.437399577814766
10460370000,0,14,146.400021738863,-34.437423577835446
10460370000,0,15,146.40047768878776,-34.43748156786961
10460370000,0,16,146.40076768873894,-34.43752755789142
10460370000,0,17,146.401043698696,-34.43753854791194
10460370000,0,18,146.40031676838754,-34.441415577884335
10460370000,0,19,146.4002840983731,-34.44159491788313
10460370000,0,20,146.40421167772533,-34.44209052817748
10460370000,0,21,146.4206563850134,-34.444162389410636
10460370000,0,22,146.4207793950713,-34.44345438941496
10460370000,0,23,146.42135828534788,-34.44008437943508
10460370000,0,24,146.44122187207202,-34.44259048092616
10460370000,0,25,146.43888904106208,-34.455187920838256
10460370000,0,26,146.43911417103004,-34.45516922085484
10460370000,0,27,146.45645696817164,-34.45732706215766
10460370000,0,28,146.45636994813074,-34.45782606215457
10460370000,0,29,146.46848082612962,-34.459377953065385
10460370000,0,30,146.4680878359694,-34.46140496304989
10460370000,0,31,146.48269363357795,-34.46307181414774
10460370000,0,32,146.48099375270917,-34.47345186409151
10460370000,0,33,146.48231976249002,-34.473620864191325
10460370000,0,34,146.48178380228123,-34.47629285416953
10460370000,0,35,146.47312888370604,-34.47524092351847
10460370000,0,36,146.4725159034134,-34.47879494349694
10460370000,0,37,146.47246706339217,-34.47905892349508
10460370000,0,38,146.47845905240652,-34.47977892394573
10460370000,0,39,146.47862104233687,-34.4801949339606
10460370000,0,40,146.47873006231893,-34.4802079139688
10460370000,0,41,146.4762959111902,-34.494007933881065
10460370000,0,42,146.47551594082708,-34.498442943853064
10460370000,0,43,146.473689040021,-34.50842099378467
10460370000,0,44,146.47365806000693,-34.508593983783534
10460370000,0,45,146.47204117928888,-34.51746701372327
10460370000,0,46,146.47204018928807,-34.51747600372325
10460370000,0,47,146.4705673486359,-34.52554102366825
10460370000,0,48,146.4704620386533,-34.52552792366033
10460370000,0,49,146.45730806083628,-34.52380492267071
10460370000,0,50,146.4569458808922,-34.52379630264373
10460370000,0,51,146.4569030609083,-34.52370793263996
10460370000,0,52,146.45690306092067,-34.52359391263918
10460370000,0,53,146.45682703095008,-34.52342893263241
10460370000,0,54,146.45682703096244,-34.52331491263165
10460370000,0,55,146.4566740610221,-34.522978922617995
10460370000,0,56,146.45632406113597,-34.5224189225882
10460370000,0,57,146.4558660612593,-34.521922922550814
10460370000,0,58,146.45514905142642,-34.521384922493894
10460370000,0,59,146.4543550315879,-34.52100693243234
10460370000,0,60,146.4509070622913,-34.519344922164905
10460370000,0,61,146.4496560625466,-34.518740922067884
10460370000,0,62,146.4493810725999,-34.518633912046745
10460370000,0,63,146.44853905277137,-34.51823093198145
10460370000,0,64,146.4452310534454,-34.51664293172501
10460370000,0,65,146.44430005363793,-34.51616992165267
10460370000,0,66,146.4438710337314,-34.515907921619025
10460370000,0,67,146.44352205380764,-34.51569291159167
10460370000,0,68,146.4424540640659,-34.51480491150634
10460370000,0,69,146.44176706424003,-34.514159931450976
10460370000,0,70,146.4413700543346,-34.51384291141934
10460370000,0,71,146.4334200663034,-34.506800930781516
10460370000,0,72,146.43311502638596,-34.50646593075662
10460370000,0,73,146.43284106647164,-34.50605793073353
10460370000,0,74,146.4325960765655,-34.5055349107118
10460370000,0,75,146.4325006666195,-34.505169540702255
10460370000,0,76,146.43245675664187,-34.505024700698016
10460370000,0,77,146.43209905682752,-34.50381092066326
10460370000,0,78,146.43162006707823,-34.50216692061658
10460370000,0,79,146.431574077091,-34.50211291061282
10460370000,0,80,146.43146705714983,-34.501719920602206
10460370000,0,81,146.431009057365,-34.50037391055912
10460370000,0,82,146.4307960774419,-34.499961920540535
10460370000,0,83,146.42963906778178,-34.49844292044438
10460370000,0,84,146.4296390677889,-34.49837691044395
10460370000,0,85,146.42908207795662,-34.4976079203974
10460370000,0,86,146.42870506807,-34.497088920365925
10460370000,0,87,146.42841605820004,-34.4962919303391
10460370000,0,88,146.4283880682929,-34.49547391033147
10460370000,0,89,146.42826304871627,-34.49173691029693
10460370000,0,90,146.428124788782,-34.49132375028387
10460370000,0,91,146.42629405965292,-34.485839930110934
10460370000,0,92,146.42520507993666,-34.484742910022725
10460370000,0,93,146.42383805029255,-34.483367919912
10460370000,0,94,146.423637080371,-34.48292391989409
10460370000,0,95,146.42267804074473,-34.48081291980866
10460370000,0,96,146.4223580508697,-34.48010591978016
10460370000,0,97,146.4213200616681,-34.474177909663055
10460370000,0,98,146.42096908180332,-34.47341890963187
10460370000,0,99,146.4180010825547,-34.470627909392874
10460370000,0,100,146.4162000630104,-34.468935919247855
10460370000,0,101,146.41593405307782,-34.46868490922643
10460370000,0,102,146.41399608356792,-34.466865919070436
10460370000,0,103,146.4124090639906,-34.46517891894136
10460370000,0,104,146.41132705437178,-34.46316791884754
10460370000,0,105,146.40914406514113,-34.459105928658225
10460370000,0,106,146.40883805523896,-34.45862991863231
10460370000,0,107,146.40749609555672,-34.457568928525674
10460370000,0,108,146.40728607559328,-34.45752491850982
10460370000,0,109,146.40606105580693,-34.457263918417254
10460370000,0,110,146.40217004633092,-34.45786692813301
10460370000,0,111,146.40120907641915,-34.458396908065396
10460370000,0,112,146.39580809661786,-34.46413091770411
10460370000,0,113,146.3948920967674,-34.4640309176356
10460370000,0,114,146.39445007689318,-34.463485907599164
10460370000,0,115,146.39396108707268,-34.462508927556335
10460370000,0,116,146.39281706787133,-34.456714907432406
10460370000,0,117,146.39074908856298,-34.45320691725553
10460370000,0,118,146.3900250788053,-34.45197691719358
10460370000,0,119,146.38956108896173,-34.45117791715382
10460370000,0,120,146.38883506920683,-34.449924907091585
10460370000,0,121,146.3881630693868,-34.44919991703693
10460370000,0,122,146.38004605107855,-34.44490491640704
10460370000,0,123,146.3790750812886,-34.44431990633122
10460370000,0,124,146.37711609171208,-34.44314192617829
10460370000,0,125,146.37653610190182,-34.44219592612897
10460370000,0,126,146.3764750719994,-34.441375906118914
10460370000,0,127,146.37653209205772,-34.44075492611891
10460370000,0,128,146.37700907255146,-34.43550491611867
10460370000,0,129,146.37788908281559,-34.43181892615882
10460370000,0,130,146.37852010300455,-34.42917991618764
10460370000,0,131,146.37864909318088,-34.427362916184876
10460370000,0,132,146.37882509341927,-34.42490391618126
10460370000,0,133,146.37842808359073,-34.423869916144874
10460370000,0,134,146.3770090739943,-34.422115916028
10460370000,0,135,146.37519309450772,-34.41989890587863
10460370000,0,136,146.36924205571685,-34.41702691541899
10460370000,0,137,146.36757908610423,-34.41576391528744
10460370000,0,138,146.36554909657283,-34.41426192512715
10460370000,0,139,146.35582206876242,-34.40757890436285
10460370000,0,140,146.3419550612936,-34.40353092331102
10460370000,0,141,146.34172307133832,-34.40344092329327
10460370000,0,142,146.34186911140137,-34.40264891329869
10460370000,0,143,146.3418990714148,-34.40248191329977
10460370000,0,144,146.34598510319654,-34.38015891345028
10460370000,0,145,146.36633406985032,-34.38270491497137
10460370000,0,146,146.3868208264815,-34.38526515650447
10460380000,0,0,146.45559332520688,-34.57805882290988
10460380000,0,1,146.45565614519953,-34.57803869291442
10460380000,0,2,146.46281700440028,-34.57537308342868
10460380000,0,3,146.46284569439715,-34.57536176343074
10460380000,0,4,146.46279911441314,-34.575279603426715
10460380000,0,5,146.46358182433426,-34.57491045348242
10460380000,0,6,146.4652464441695,-34.57409739360071
10460380000,0,7,146.46689051398602,-34.573485863718815
10460380000,0,8,146.46702114399235,-34.5732448937269
10460380000,0,9,146.47026409362482,-34.57209107396029
10460380000,0,10,146.47015379365314,-34.57198451395136
10460380000,0,11,146.46842282425996,-34.56882255380126
10460380000,0,12,146.47225221383277,-34.56739747407645
10460380000,0,13,146.47235306382103,-34.56736482408372
10460380000,0,14,146.47542454277706,-34.572672624348066
10460380000,0,15,146.4755371027375,-34.57287939435785
10460380000,0,16,146.47657900233514,-34.57512292445052
10460380000,0,17,146.47813463179088,-34.57795294458537
10460380000,0,18,146.47869921166267,-34.578342204630026
10460380000,0,19,146.4775590916333,-34.580206084557766
10460380000,0,20,146.47716537150956,-34.581894374539885
10460380000,0,21,146.47673883147522,-34.58280603451431
10460380000,0,22,146.47659290137005,-34.58397723451135
10460380000,0,23,146.47669481120008,-34.58539734452853
10460380000,0,24,146.47721588098392,-34.586655554575806
10460380000,0,25,146.47332520142388,-34.588051544295766
10460380000,0,26,146.47242559102455,-34.59298151426214
10460380000,0,27,146.47203204109815,-34.592854914232014
10460380000,0,28,146.47115104125277,-34.5926659241652
10460380000,0,29,146.46883705155892,-34.593087923995945
10460380000,0,30,146.46762806174004,-34.593113913906194
10460380000,0,31,146.4664080520409,-34.592053923808336
10460380000,0,32,146.46512504228005,-34.59164992371019
10460380000,0,33,146.46390204248732,-34.59145493361796
10460380000,0,34,146.4633971325764,-34.59134189357965
10460380000,0,35,146.46303917265914,-34.591081893551284
10460380000,0,36,146.46240754282587,-34.59043188349994
10460380000,0,37,146.46226016288128,-34.59012855348692
10460380000,0,38,146.46172324310334,-34.588837203438295
10460380000,0,39,146.4616179431457,-34.588594533428825
10460380000,0,40,146.4612420233021,-34.58768193339471
10460380000,0,41,146.4614070434034,-34.586518923399126
10460380000,0,42,146.4616470334846,-34.58543591340966
10460380000,0,43,146.4614850435903,-34.58468992339258
10460380000,0,44,146.46142807360954,-34.58459293338769
10460380000,0,45,146.46086805379653,-34.583655923339734
10460380000,0,46,146.46011206397847,-34.58303992327937
10460380000,0,47,146.45899505419737,-34.5825889131933
10460380000,0,48,146.4572750245802,-34.58147292305792
10460380000,0,49,146.45623404486076,-34.58034792297296
10460380000,0,50,146.45551704517163,-34.57848992290713
10460380000,0,51,146.45559332520688,-34.57805882290988
10460390000,0,0,146.45559332520688,-34.57805882290988
10460390000,0,1,146.45571998526535,-34.57734303291447
10460390000,0,2,146.45567902542302,-34.575948912902
10460390000,0,3,146.45580407547843,-34.57526391290667
10460390000,0,4,146.45480401585203,-34.57322392281857
10460390000,0,5,146.4545650459075,-34.57304793279963
10460390000,0,6,146.4545310359265,-34.57292092279624
10460390000,0,7,146.45423242596388,-34.57299454277454
10460390000,0,8,146.45599840586993,-34.571387552894926
10460390000,0,9,146.45632449602675,-34.56948723290633
10460390000,0,10,146.45617984642826,-34.56599262287197
10460390000,0,11,146.45635088640228,-34.565992782884685
10460390000,0,12,146.45818059614385,-34.565811373019464
10460390000,0,13,146.4576967466194,-34.562109972958474
10460390000,0,14,146.4575556767712,-34.56090943293988
10460390000,0,15,146.45806933669448,-34.56089733297798
10460390000,0,16,146.4582991067688,-34.55989102298826
10460390000,0,17,146.45858107691186,-34.558179422997654
10460390000,0,18,146.45861808699763,-34.55733758299471
10460390000,0,19,146.46751798548667,-34.55879878366626
10460390000,0,20,146.46798478539338,-34.55900469370236
10460390000,0,21,146.47235306382103,-34.56736482408372
10460390000,0,22,146.47225221383277,-34.56739747407645
10460390000,0,23,146.46842282425996,-34.56882255380126
10460390000,0,24,146.47015379365314,-34.57198451395136
10460390000,0,25,146.47026409362482,-34.57209107396029
10460390000,0,26,146.46702114399235,-34.5732448937269
10460390000,0,27,146.46689051398602,-34.573485863718815
10460390000,0,28,146.4652464441695,-34.57409739360071
10460390000,0,29,146.46358182433426,-34.57491045348242
10460390000,0,30,146.46279911441314,-34.575279603426715
10460390000,0,31,146.46284569439715,-34.57536176343074
10460390000,0,32,146.46281700440028,-34.57537308342868
10460390000,0,33,146.45565614519953,-34.57803869291442
10460390000,0,34,146.45559332520688,-34.57805882290988
10460400000,0,0,146.45110722825973,-34.55622421242905
10460400000,0,1,146.45131585822492,-34.556252742444755
10460400000,0,2,146.45861808699763,-34.55733758299471
10460400000,0,3,146.45858107691186,-34.558179422997654
10460400000,0,4,146.4582991067688,-34.55989102298826
10460400000,0,5,146.45806933669448,-34.56089733297798
10460400000,0,6,146.4575556767712,-34.56090943293988
10460400000,0,7,146.4576967466194,-34.562109972958474
10460400000,0,8,146.45818059614385,-34.565811373019464
10460400000,0,9,146.45635088640228,-34.565992782884685
10460400000,0,10,146.45617984642826,-34.56599262287197
10460400000,0,11,146.45632449602675,-34.56948723290633
10460400000,0,12,146.45599840586993,-34.571387552894926
10460400000,0,13,146.45423242596388,-34.57299454277454
10460400000,0,14,146.45414449598815,-34.572893992767334
10460400000,0,15,146.45331149618167,-34.57227799270127
10460400000,0,16,146.45268949629494,-34.57210598265389
10460400000,0,17,146.45180747646975,-34.57173098258583
10460400000,0,18,146.45147751654153,-34.57153198255997
10460400000,0,19,146.45128106660061,-34.57126292254356
10460400000,0,20,146.4504230267439,-34.571144922479
10460400000,0,21,146.44931404695083,-34.570791922394235
10460400000,0,22,146.44865405708043,-34.570521922343374
10460400000,0,23,146.44833405713618,-34.57045693231917
10460400000,0,24,146.44729902731663,-34.57024392224084
10460400000,0,25,146.44658304740736,-34.57041092218879
10460400000,0,26,146.44636806741977,-34.57059792217407
10460400000,0,27,146.44403103800408,-34.56848792198626
10460400000,0,28,146.44407403801577,-34.568319921988305
10460400000,0,29,146.44390106806267,-34.56812992197417
10460400000,0,30,146.44349802810268,-34.568325911945585
10460400000,0,31,146.4430960181424,-34.56852292191705
10460400000,0,32,146.4413730387057,-34.56574592177035
10460400000,0,33,146.44703403810766,-34.56332792217445
10460400000,0,34,146.4475380380545,-34.563111932210425
10460400000,0,35,146.4503330581999,-34.55785893238258
10460400000,0,36,146.4509390282317,-34.556717922419885
10460400000,0,37,146.4511070382426,-34.556381922430106
10460400000,0,38,146.45110722825973,-34.55622421242905
10460410000,0,0,146.45110722825973,-34.55622421242905
10460410000,0,1,146.4511250697205,-34.542738912339246
10460410000,0,2,146.45122603017913,-34.53837092231723
10460410000,0,3,146.4512260302556,-34.53766592231246
10460410000,0,4,146.45156585029295,-34.53684635233218
10460410000,0,5,146.45183306032226,-34.53620192234766
10460410000,0,6,146.4551760602007,-34.532644932572026
10460410000,0,7,146.4559210601725,-34.5318629126221
10460410000,0,8,146.45599406020472,-34.53146392262483
10460410000,0,9,146.45641305013547,-34.531515932656326
10460410000,0,10,146.45647805016455,-34.53115692265873
10460410000,0,11,146.45605608023428,-34.531104912627015
10460410000,0,12,146.45730806083628,-34.52380492267071
10460410000,0,13,146.4704620386533,-34.52552792366033
10460410000,0,14,146.4705673486359,-34.52554102366825
10460410000,0,15,146.4706783086174,-34.5255560236766
10460410000,0,16,146.47681117760408,-34.52631798413795
10460410000,0,17,146.48701796591797,-34.52758192490611
10460410000,0,18,146.4869899659027,-34.52776191490524
10460410000,0,19,146.49861985398135,-34.529202805781004
10460410000,0,20,146.4988998439352,-34.52923680580211
10460410000,0,21,146.51420506140755,-34.53112393695542
10460410000,0,22,146.51031703966117,-34.552585936810694
10460410000,0,23,146.51028801964557,-34.552769936809774
10460410000,0,24,146.51672504857999,-34.553577927295116
10460410000,0,25,146.5140470474328,-34.567842917191854
10460410000,0,26,146.49331859085487,-34.56534220563046
10460410000,0,27,146.49187476008888,-34.57439685558412
10460410000,0,28,146.48181233175282,-34.573162334826684
10460410000,0,29,146.4817082317594,-34.573247124819524
10460410000,0,30,146.47673131231744,-34.57507283446151
10460410000,0,31,146.47657900233514,-34.57512292445052
10460410000,0,32,146.4755371027375,-34.57287939435785
10460410000,0,33,146.47542454277706,-34.572672624348066
10460410000,0,34,146.47235306382103,-34.56736482408372
10460410000,0,35,146.46798478539338,-34.55900469370236
10460410000,0,36,146.46751798548667,-34.55879878366626
10460410000,0,37,146.45861808699763,-34.55733758299471
10460410000,0,38,146.45131585822492,-34.556252742444755
10460410000,0,39,146.45110722825973,-34.55622421242905
10460420000,0,0,146.47657900233514,-34.57512292445052
10460420000,0,1,146.47673131231744,-34.57507283446151
10460420000,0,2,146.4817082317594,-34.573247124819524
10460420000,0,3,146.48181233175282,-34.573162334826684
10460420000,0,4,146.49187476008888,-34.57439685558412
10460420000,0,5,146.49331859085487,-34.56534220563046
10460420000,0,6,146.5140470474328,-34.567842917191854
10460420000,0,7,146.51289904694394,-34.5739309171474
10460420000,0,8,146.51014902576284,-34.58860593704155
10460420000,0,9,146.50615902405465,-34.609846926887585
10460420000,0,10,146.47954800889227,-34.602617924857086
10460420000,0,11,146.479494028902,-34.60260392485299
10460420000,0,12,146.4793090489357,-34.60255293483888
10460420000,0,13,146.47951902893965,-34.60222293485228
10460420000,0,14,146.4795790389411,-34.60212591485608
10460420000,0,15,146.47965502894246,-34.602006924860945
10460420000,0,16,146.47969404897168,-34.60168393486167
10460420000,0,17,146.4797330289997,-34.601371934862456
10460420000,0,18,146.47968302906966,-34.600798934854865
10460420000,0,19,146.4794410292162,-34.59979092483005
10460420000,0,20,146.47854104953532,-34.59811693475177
10460420000,0,21,146.47798205971006,-34.597292924704625
10460420000,0,22,146.47704203997048,-34.596213924627406
10460420000,0,23,146.4758630502787,-34.59502992453167
10460420000,0,24,146.47580505029242,-34.59498491452706
10460420000,0,25,146.47438702062544,-34.593906924414284
10460420000,0,26,146.4738670507396,-34.593584924373445
10460420000,0,27,146.47357004079882,-34.593455924350465
10460420000,0,28,146.47260407099114,-34.593038924275795
10460420000,0,29,146.47242559102455,-34.59298151426214
10460420000,0,30,146.47332520142388,-34.588051544295766
10460420000,0,31,146.47721588098392,-34.586655554575806
10460420000,0,32,146.47669481120008,-34.58539734452853
10460420000,0,33,146.47659290137005,-34.58397723451135
10460420000,0,34,146.47673883147522,-34.58280603451431
10460420000,0,35,146.47716537150956,-34.581894374539885
10460420000,0,36,146.4775590916333,-34.580206084557766
10460420000,0,37,146.47869921166267,-34.578342204630026
10460420000,0,38,146.47813463179088,-34.57795294458537
10460420000,0,39,146.47657900233514,-34.57512292445052
10460430000,0,0,146.3117290931892,-34.428432921249446
10460430000,0,1,146.31115008329326,-34.42827990120572
10460430000,0,2,146.31029807344513,-34.42806591114145
10460430000,0,3,146.30713406397174,-34.427619920905215
10460430000,0,4,146.30374007453318,-34.427173920652066
10460430000,0,5,146.3002150951125,-34.426745900389434
10460430000,0,6,146.3003560951688,-34.426021900394915
10460430000,0,7,146.30043409520422,-34.4255819203977
10460430000,0,8,146.30059107566203,-34.42109391037887
10460430000,0,9,146.30101407572266,-34.41993191040218
10460430000,0,10,146.30123534568696,-34.41995313041862
10460430000,0,11,146.31964466263574,-34.422435121792525
10460430000,0,12,146.31977989260946,-34.422489131802855
10460430000,0,13,146.31912610260193,-34.42348063176134
10460430000,0,14,146.3177451326605,-34.42488008166898
10460430000,0,15,146.31662063273305,-34.4257885615922
10460430000,0,16,146.31580208281443,-34.426183911534515
10460430000,0,17,146.31212307331307,-34.42672391126691
10460430000,0,18,146.3117290931892,-34.428432921249446
10460440000,0,0,146.3117290931892,-34.428432921249446
10460440000,0,1,146.31212307331307,-34.42672391126691
10460440000,0,2,146.31580208281443,-34.426183911534515
10460440000,0,3,146.31662063273305,-34.4257885615922
10460440000,0,4,146.3177451326605,-34.42488008166898
10460440000,0,5,146.31912610260193,-34.42348063176134
10460440000,0,6,146.31977989260946,-34.422489131802855
10460440000,0,7,146.31964466263574,-34.422435121792525
10460440000,0,8,146.30123534568696,-34.41995313041862
10460440000,0,9,146.30101407572266,-34.41993191040218
10460440000,0,10,146.30059107566203,-34.42109391037887
10460440000,0,11,146.30043409520422,-34.4255819203977
10460440000,0,12,146.3003560951688,-34.426021900394915
10460440000,0,13,146.3002150951125,-34.426745900389434
10460440000,0,14,146.2927390863469,-34.42578389983223
10460440000,0,15,146.29055109673703,-34.42523291966738
10460440000,0,16,146.28864309712978,-34.42426290952032
10460440000,0,17,146.28699307752706,-34.42288590938952
10460440000,0,18,146.2861230977873,-34.421685909317354
10460440000,0,19,146.28368208859922,-34.41755691910971
10460440000,0,20,146.28424302854725,-34.41725005914891
10460440000,0,21,146.2858670892319,-34.408569909209696
10460440000,0,22,146.285081099363,-34.408455909151066
10460440000,0,23,146.2852141094141,-34.407790909156354
10460440000,0,24,146.28596308975847,-34.40352090918258
10460440000,0,25,146.28702808958244,-34.40366091926193
10460440000,0,26,146.2919681016916,-34.37700790944513
10460440000,0,27,146.29201110172718,-34.37661491944563
10460440000,0,28,146.30419607930614,-34.382033920379975
10460440000,0,29,146.31734607669281,-34.38787992138897
10460440000,0,30,146.31845107642746,-34.38879691147667
10460440000,0,31,146.32412208473139,-34.39661591194793
10460440000,0,32,146.34172307133832,-34.40344092329327
10460440000,0,33,146.3419550612936,-34.40353092331102
10460440000,0,34,146.34185611127026,-34.40388691330611
10460440000,0,35,146.33993307043312,-34.41437891323518
10460440000,0,36,146.33988307041176,-34.414647923233325
10460440000,0,37,146.3394630602291,-34.41693790321781
10460440000,0,38,146.3389540700072,-34.41971792319905
10460440000,0,39,146.33625609878428,-34.43488692310257
10460440000,0,40,146.33612706876607,-34.43523790309541
10460440000,0,41,146.33433108802535,-34.444652903026565
10460440000,0,42,146.33429706797557,-34.44516391302751
10460440000,0,43,146.3338590680781,-34.44482691299289
10460440000,0,44,146.3188020916064,-34.433204921803274
10460440000,0,45,146.31394909273493,-34.42953491142057
10460440000,0,46,146.3126740730039,-34.42882691132178
10460440000,0,47,146.3117290931892,-34.428432921249446
10460450000,0,0,146.29201110172718,-34.37661491944563
10460450000,0,1,146.2919681016916,-34.37700790944513
10460450000,0,2,146.28702808958244,-34.40366091926193
10460450000,0,3,146.28596308975847,-34.40352090918258
10460450000,0,4,146.2852141094141,-34.407790909156354
10460450000,0,5,146.285081099363,-34.408455909151066
10460450000,0,6,146.2858670892319,-34.408569909209696
10460450000,0,7,146.28424302854725,-34.41725005914891
10460450000,0,8,146.28368208859922,-34.41755691910971
10460450000,0,9,146.283479078667,-34.41721090909241
10460450000,0,10,146.2766240909471,-34.40560591850936
10460450000,0,11,146.27632910097887,-34.40572590848848
10460450000,0,12,146.26656911203324,-34.4096629077972
10460450000,0,13,146.25939331308206,-34.41000413727192
10460450000,0,14,146.25764810333717,-34.4100869071442
10460450000,0,15,146.2527471043908,-34.407166906764246
10460450000,0,16,146.24833809533632,-34.40456090642266
10460450000,0,17,146.23338692779498,-34.402712085312224
10460450000,0,18,146.22428159929234,-34.40158528463642
10460450000,0,19,146.21647210057668,-34.40061790405705
10460450000,0,20,146.21507911059555,-34.40241489396707
10460450000,0,21,146.20631108204302,-34.4012779033166
10460450000,0,22,146.20648011211932,-34.400322903322504
10460450000,0,23,146.20943026338014,-34.38432040343041
10460450000,0,24,146.210539613905,-34.37782695346777
10460450000,0,25,146.21080255402313,-34.376346303477014
10460450000,0,26,146.21219609464404,-34.36854944352636
10460450000,0,27,146.21332832513613,-34.36232985356724
10460450000,0,28,146.21339708516024,-34.3620069035701
10460450000,0,29,146.21379110505399,-34.362444913601955
10460450000,0,30,146.2143171049119,-34.363032913644496
10460450000,0,31,146.21456209484333,-34.36332891366447
10460450000,0,32,146.21481409477497,-34.363612903684874
10460450000,0,33,146.21507809470572,-34.363888903706105
10460450000,0,34,146.21535410463542,-34.36415689372815
10460450000,0,35,146.21564209456423,-34.36441689375103
10460450000,0,36,146.2159411044923,-34.36466790377466
10460450000,0,37,146.21625109441968,-34.36490990379904
10460450000,0,38,146.21657109434648,-34.36514291382409
10460450000,0,39,146.2169001042729,-34.365366913849726
10460450000,0,40,146.21724210419836,-34.36558189387626
10460450000,0,41,146.22421411266987,-34.37003890441785
10460450000,0,42,146.22450210260746,-34.37021590444017
10460450000,0,43,146.224797092545,-34.370383904462955
10460450000,0,44,146.22509811248244,-34.37054391448613
10460450000,0,45,146.22540712241965,-34.370694914509826
10460450000,0,46,146.2257210923572,-34.37083589453381
10460450000,0,47,146.2260430922945,-34.370967894558326
10460450000,0,48,146.2263691122321,-34.37109090458308
10460450000,0,49,146.22670111217,-34.371202904608204
10460450000,0,50,146.22703710210826,-34.37130591463354
10460450000,0,51,146.22737812204682,-34.37139890465921
10460450000,0,52,146.22772209198612,-34.371480904685
10460450000,0,53,146.22807008192575,-34.37155390471102
10460450000,0,54,146.2284201218663,-34.371615894737126
10460450000,0,55,146.22877311180753,-34.37166690476339
10460450000,0,56,146.2299880916084,-34.371812904853535
10460450000,0,57,146.23371835325105,-34.35114403498726
10460450000,0,58,146.2340943434171,-34.349056035000714
10460450000,0,59,146.2362941243862,-34.336861905079544
10460450000,0,60,146.25124689192364,-34.33880289619087
10460450000,0,61,146.2536578615272,-34.3391098663701
10460450000,0,62,146.26628962944972,-34.34072174730957
10460450000,0,63,146.27511251799876,-34.341845677966134
10460450000,0,64,146.2764814185829,-34.33445165801671
10460450000,0,65,146.2854480771128,-34.3355558986841
10460450000,0,66,146.28597809617017,-34.34361990877779
10460450000,0,67,146.28611610591543,-34.34580589880277
10460450000,0,68,146.28641908538452,-34.35033989885582
10460450000,0,69,146.28643011536363,-34.35051990885784
10460450000,0,70,146.28691008450858,-34.35783189894275
10460450000,0,71,146.2878851027727,-34.37267089911511
10460450000,0,72,146.28790011274583,-34.37290090911777
10460450000,0,73,146.28794208264543,-34.3737788991268
10460450000,0,74,146.28916308229304,-34.37534790922734
10460450000,0,75,146.29201110172718,-34.37661491944563
10460460000,0,0,146.1774330993557,-34.373620901014526
10460460000,0,1,146.17856159916863,-34.37377664109816
10460460000,0,2,146.18695535779594,-34.374756451719186
10460460000,0,3,146.20144209542045,-34.37650633279207
10460460000,0,4,146.20219126529662,-34.37660588284764
10460460000,0,5,146.20282409553786,-34.373445362872594
10460460000,0,6,146.20652881702887,-34.35420430301375
10460460000,0,7,146.21284710531,-34.36138090352553
10460460000,0,8,146.21339708516024,-34.3620069035701
10460460000,0,9,146.21332832513613,-34.36232985356724
10460460000,0,10,146.21219609464404,-34.36854944352636
10460460000,0,11,146.21080255402313,-34.376346303477014
10460460000,0,12,146.210539613905,-34.37782695346777
10460460000,0,13,146.20943026338014,-34.38432040343041
10460460000,0,14,146.20648011211932,-34.400322903322504
10460460000,0,15,146.20631108204302,-34.4012779033166
10460460000,0,16,146.2055641117199,-34.40536590328951
10460460000,0,17,146.20397709101857,-34.414189913232924
10460460000,0,18,146.19980509919503,-34.43719689308286
10460460000,0,19,146.19307909643845,-34.47256689282929
10460460000,0,20,146.19258207653584,-34.47236090279148
10460460000,0,21,146.19054811692328,-34.47162190263754
10460460000,0,22,146.19050610693756,-34.47154790263395
10460460000,0,23,146.18532708793438,-34.46956890224136
10460460000,0,24,146.18511209797092,-34.46953190222538
10460460000,0,25,146.16804010126367,-34.46293591093159
10460460000,0,26,146.1673291214009,-34.46265991087773
10460460000,0,27,146.16616510162538,-34.462209890789566
10460460000,0,28,146.1592411229612,-34.45952789026517
10460460000,0,29,146.144037125894,-34.45363589911438
10460460000,0,30,146.14388973592227,-34.45358032910323
10460460000,0,31,146.1443155059215,-34.45298112913028
10460460000,0,32,146.1445394059598,-34.45230224914205
10460460000,0,33,146.14454483596026,-34.45229011914236
10460460000,0,34,146.14622278666533,-34.443276509204
10460460000,0,35,146.14685200693233,-34.43987159922695
10460460000,0,36,146.14958125807604,-34.42523845932739
10460460000,0,37,146.15328823963424,-34.405317339463494
10460460000,0,38,146.15332739964828,-34.40512983946508
10460460000,0,39,146.15179235995598,-34.40442036934812
10460460000,0,40,146.1472995407185,-34.40364277901461
10460460000,0,41,146.1429075616285,-34.40133417867819
10460460000,0,42,146.1414364320956,-34.3990339285552
10460460000,0,43,146.1405322923807,-34.39763832847973
10460460000,0,44,146.13689265331678,-34.394010508189425
10460460000,0,45,146.13632676363216,-34.39184763813348
10460460000,0,46,146.1344051140047,-34.39107688798798
10460460000,0,47,146.13617211380202,-34.39046890811285
10460460000,0,48,146.14309211281002,-34.389954908614676
10460460000,0,49,146.14918611194116,-34.38945889905644
10460460000,0,50,146.15666609143685,-34.38356389956313
10460460000,0,51,146.1774330993557,-34.373620901014526
10460470000,0,0,146.25939331308206,-34.41000413727192
10460470000,0,1,146.25845110266457,-34.415236897238074
10460470000,0,2,146.25789510243752,-34.418144307216885
10460470000,0,3,146.25619340174384,-34.42703125715196
10460470000,0,4,146.2561885817281,-34.427184677152646
10460470000,0,5,146.2574505715605,-34.42696639724393
10460470000,0,6,146.2591908913663,-34.426319997367465
10460470000,0,7,146.25591040992424,-34.44442706724886
10460470000,0,8,146.253137938771,-34.45911697714447
10460470000,0,9,146.27003813630907,-34.45819277838072
10460470000,0,10,146.27510137590025,-34.4548506387306
10460470000,0,11,146.29494854261787,-34.457418570209015
10460470000,0,12,146.31381877963744,-34.45855182160732
10460470000,0,13,146.3316540668247,-34.45958390293001
10460470000,0,14,146.33157106681378,-34.459802902925354
10460470000,0,15,146.32879505556292,-34.47533891282557
10460470000,0,16,146.3277620650983,-34.48111191278839
10460470000,0,17,146.32754708513377,-34.48108492277234
10460470000,0,18,146.3273760851607,-34.481075912759664
10460470000,0,19,146.3270590752135,-34.48103191273599
10460470000,0,20,146.3262500554302,-34.48015792267037
10460470000,0,21,146.32294907597355,-34.47975891242413
10460470000,0,22,146.32157805647043,-34.47707191230482
10460470000,0,23,146.31567108744622,-34.476324901864125
10460470000,0,24,146.29221509132122,-34.47335391011548
10460470000,0,25,146.29192809136927,-34.473311920094055
10460470000,0,26,146.29178209139278,-34.473298910083216
10460470000,0,27,146.28745907210697,-34.47275090976118
10460470000,0,28,146.28550011242004,-34.47260090961594
10460470000,0,29,146.2664933955633,-34.47016030820094
10460470000,0,30,146.26178011634272,-34.46955489785028
10460470000,0,31,146.25142306776337,-34.47095090709847
10460470000,0,32,146.25133308777583,-34.47096191709192
10460470000,0,33,146.25089308783728,-34.471010907059934
10460470000,0,34,146.23381711011172,-34.47395190582573
10460470000,0,35,146.22945488082996,-34.473422175501966
10460470000,0,36,146.2291321108843,-34.47337190547793
10460470000,0,37,146.22642608133063,-34.47303591527708
10460470000,0,38,146.22018607182054,-34.47730389484812
10460470000,0,39,146.21712208220472,-34.478056904628495
10460470000,0,40,146.21174308286814,-34.47948390424369
10460470000,0,41,146.21152707290432,-34.479451894227644
10460470000,0,42,146.21149009288854,-34.47965190422628
10460470000,0,43,146.2047060937287,-34.48142090374096
10460470000,0,44,146.20024309496594,-34.47617891337849
10460470000,0,45,146.19769109550458,-34.47476090318193
10460470000,0,46,146.19749008554692,-34.47464990316646
10460470000,0,47,146.1939530962934,-34.472683912894084
10460470000,0,48,146.19362010634103,-34.472710902869885
10460470000,0,49,146.19307909643845,-34.47256689282929
10460470000,0,50,146.19980509919503,-34.43719689308286
10460470000,0,51,146.20397709101857,-34.414189913232924
10460470000,0,52,146.2055641117199,-34.40536590328951
10460470000,0,53,146.20631108204302,-34.4012779033166
10460470000,0,54,146.21507911059555,-34.40241489396707
10460470000,0,55,146.21647210057668,-34.40061790405705
10460470000,0,56,146.22428159929234,-34.40158528463642
10460470000,0,57,146.23338692779498,-34.402712085312224
10460470000,0,58,146.24833809533632,-34.40456090642266
10460470000,0,59,146.2527471043908,-34.407166906764246
10460470000,0,60,146.25764810333717,-34.4100869071442
10460470000,0,61,146.25939331308206,-34.41000413727192
10460480000,0,0,146.44636806741977,-34.57059792217407
10460480000,0,1,146.44634386739185,-34.57088864217425
10460480000,0,2,146.4432909276352,-34.572923111961245
10460480000,0,3,146.44242496767458,-34.57377315190268
10460480000,0,4,146.44137303775412,-34.57451442182956
10460480000,0,5,146.43956770794946,-34.575243601700436
10460480000,0,6,146.43778680823078,-34.57514690156755
10460480000,0,7,146.43676914841046,-34.574917281490464
10460480000,0,8,146.43555581859758,-34.574893101400214
10460480000,0,9,146.43515460864677,-34.575001881371165
10460480000,0,10,146.4346800386914,-34.57525568133766
10460480000,0,11,146.43393400869112,-34.57630419128936
10460480000,0,12,146.43351812870455,-34.57676343126159
10460480000,0,13,146.43322455870327,-34.57718641124266
10460480000,0,14,146.43202231860593,-34.579768771170876
10460480000,0,15,146.43145638860096,-34.58060817113453
10460480000,0,16,146.42980793865303,-34.582439431024554
10460480000,0,17,146.42953393862305,-34.58310010100868
10460480000,0,18,146.4294507485745,-34.58366408100631
10460480000,0,19,146.42955349846318,-34.584546311019885
10460480000,0,20,146.42975899838166,-34.58500956103828
10460480000,0,21,146.43026298822588,-34.5857387210806
10460480000,0,22,146.43077004787096,-34.58829892113551
10460480000,0,23,146.43057505774826,-34.58970292113052
10460480000,0,24,146.43059005758872,-34.59115192114142
10460480000,0,25,146.429523567606,-34.59248826107128
10460480000,0,26,146.42834209765135,-34.593727320991974
10460480000,0,27,146.42821263759924,-34.59438903098683
10460480000,0,28,146.4280399576222,-34.59441983097424
10460480000,0,29,146.4237714583305,-34.59387870065387
10460480000,0,30,146.4233430289344,-34.58891292058857
10460480000,0,31,146.42325104906325,-34.5878539205746
10460480000,0,32,146.42315303920233,-34.586708920559595
10460480000,0,33,146.4231220492451,-34.586357920554924
10460480000,0,34,146.42296006947407,-34.58447392053018
10460480000,0,35,146.42318702960173,-34.58297891053694
10460480000,0,36,146.42360304964404,-34.58200492056122
10460480000,0,37,146.425409069827,-34.577784930666716
10460480000,0,38,146.42635102984264,-34.57631993072671
10460480000,0,39,146.42638007984297,-34.57627592072858
10460480000,0,40,146.4279910497857,-34.57454493083642
10460480000,0,41,146.42845002976915,-34.574053920867165
10460480000,0,42,146.42879166975706,-34.57368664089003
10460480000,0,43,146.43089403968216,-34.5714299210308
10460480000,0,44,146.4315890696359,-34.570881931078695
10460480000,0,45,146.43465404935841,-34.56914393129445
10460480000,0,46,146.43680903916356,-34.56791991144616
10460480000,0,47,146.43816702904067,-34.56714992154178
10460480000,0,48,146.43881102897635,-34.5668409215875
10460480000,0,49,146.4413730387057,-34.56574592177035
10460480000,0,50,146.4430960181424,-34.56852292191705
10460480000,0,51,146.44349802810268,-34.568325911945585
10460480000,0,52,146.44390106806267,-34.56812992197417
10460480000,0,53,146.44407403801577,-34.568319921988305
10460480000,0,54,146.44403103800408,-34.56848792198626
10460480000,0,55,146.44636806741977,-34.57059792217407
10460490000,0,0,146.45559332520688,-34.57805882290988
10460490000,0,1,146.45551704517163,-34.57848992290713
10460490000,0,2,146.45623404486076,-34.58034792297296
10460490000,0,3,146.4572750245802,-34.58147292305792
10460490000,0,4,146.45899505419737,-34.5825889131933
10460490000,0,5,146.46011206397847,-34.58303992327937
10460490000,0,6,146.46086805379653,-34.583655923339734
10460490000,0,7,146.46142807360954,-34.58459293338769
10460490000,0,8,146.4614850435903,-34.58468992339258
10460490000,0,9,146.4616470334846,-34.58543591340966
10460490000,0,10,146.4614070434034,-34.586518923399126
10460490000,0,11,146.4612420233021,-34.58768193339471
10460490000,0,12,146.4616179431457,-34.588594533428825
10460490000,0,13,146.46172324310334,-34.588837203438295
10460490000,0,14,146.46226016288128,-34.59012855348692
10460490000,0,15,146.46240754282587,-34.59043188349994
10460490000,0,16,146.46303917265914,-34.591081893551284
10460490000,0,17,146.4633971325764,-34.59134189357965
10460490000,0,18,146.45863859336725,-34.59072654322175
10460490000,0,19,146.44146340621495,-34.588566241931154
10460490000,0,20,146.4374850568751,-34.588060921632355
10460490000,0,21,146.43303504770788,-34.586625931292325
10460490000,0,22,146.43026298822588,-34.5857387210806
10460490000,0,23,146.42975899838166,-34.58500956103828
10460490000,0,24,146.42955349846318,-34.584546311019885
10460490000,0,25,146.4294507485745,-34.58366408100631
10460490000,0,26,146.42953393862305,-34.58310010100868
10460490000,0,27,146.42980793865303,-34.582439431024554
10460490000,0,28,146.43145638860096,-34.58060817113453
10460490000,0,29,146.43202231860593,-34.579768771170876
10460490000,0,30,146.43322455870327,-34.57718641124266
10460490000,0,31,146.43351812870455,-34.57676343126159
10460490000,0,32,146.43393400869112,-34.57630419128936
10460490000,0,33,146.4346800386914,-34.57525568133766
10460490000,0,34,146.43515460864677,-34.575001881371165
10460490000,0,35,146.43555581859758,-34.574893101400214
10460490000,0,36,146.43676914841046,-34.574917281490464
10460490000,0,37,146.43778680823078,-34.57514690156755
10460490000,0,38,146.43956770794946,-34.575243601700436
10460490000,0,39,146.44137303775412,-34.57451442182956
10460490000,0,40,146.44242496767458,-34.57377315190268
10460490000,0,41,146.4432909276352,-34.572923111961245
10460490000,0,42,146.44634386739185,-34.57088864217425
10460490000,0,43,146.44636806741977,-34.57059792217407
10460490000,0,44,146.44658304740736,-34.57041092218879
10460490000,0,45,146.44729902731663,-34.57024392224084
10460490000,0,46,146.44833405713618,-34.57045693231917
10460490000,0,47,146.44865405708043,-34.570521922343374
10460490000,0,48,146.44931404695083,-34.570791922394235
10460490000,0,49,146.4504230267439,-34.571144922479
10460490000,0,50,146.45128106660061,-34.57126292254356
10460490000,0,51,146.45147751654153,-34.57153198255997
10460490000,0,52,146.45180747646975,-34.57173098258583
10460490000,0,53,146.45268949629494,-34.57210598265389
10460490000,0,54,146.45331149618167,-34.57227799270127
10460490000,0,55,146.45414449598815,-34.572893992767334
10460490000,0,56,146.45423242596388,-34.57299454277454
10460490000,0,57,146.4545310359265,-34.57292092279624
10460490000,0,58,146.4545650459075,-34.57304793279963
10460490000,0,59,146.45480401585203,-34.57322392281857
10460490000,0,60,146.45580407547843,-34.57526391290667
10460490000,0,61,146.45567902542302,-34.575948912902
10460490000,0,62,146.45571998526535,-34.57734303291447
10460490000,0,63,146.45559332520688,-34.57805882290988
10460500000,0,0,146.4633971325764,-34.59134189357965
10460500000,0,1,146.46390204248732,-34.59145493361796
10460500000,0,2,146.46512504228005,-34.59164992371019
10460500000,0,3,146.4664080520409,-34.592053923808336
10460500000,0,4,146.46762806174004,-34.593113913906194
10460500000,0,5,146.46883705155892,-34.593087923995945
10460500000,0,6,146.47115104125277,-34.5926659241652
10460500000,0,7,146.47203204109815,-34.592854914232014
10460500000,0,8,146.47242559102455,-34.59298151426214
10460500000,0,9,146.47260407099114,-34.593038924275795
10460500000,0,10,146.47357004079882,-34.593455924350465
10460500000,0,11,146.4738670507396,-34.593584924373445
10460500000,0,12,146.47438702062544,-34.593906924414284
10460500000,0,13,146.47580505029242,-34.59498491452706
10460500000,0,14,146.4758630502787,-34.59502992453167
10460500000,0,15,146.47704203997048,-34.596213924627406
10460500000,0,16,146.47798205971006,-34.597292924704625
10460500000,0,17,146.47854104953532,-34.59811693475177
10460500000,0,18,146.4794410292162,-34.59979092483005
10460500000,0,19,146.47968302906966,-34.600798934854865
10460500000,0,20,146.4797330289997,-34.601371934862456
10460500000,0,21,146.47969404897168,-34.60168393486167
10460500000,0,22,146.47965502894246,-34.602006924860945
10460500000,0,23,146.4795790389411,-34.60212591485608
10460500000,0,24,146.47951902893965,-34.60222293485228
10460500000,0,25,146.4793090489357,-34.60255293483888
10460500000,0,26,146.479494028902,-34.60260392485299
10460500000,0,27,146.47954800889227,-34.602617924857086
10460500000,0,28,146.50615902405465,-34.609846926887585
10460500000,0,29,146.5058640339284,-34.61141693687622
10460500000,0,30,146.50285997264294,-34.62740185676024
10460500000,0,31,146.5001061914406,-34.64227393665541
10460500000,0,32,146.4990613109837,-34.647922966615674
10460500000,0,33,146.4949075691694,-34.67036011645757
10460500000,0,34,146.49476558911272,-34.671078116451845
10460500000,0,35,146.49450602915545,-34.67104992643232
10460500000,0,36,146.49346804932952,-34.67090591635404
10460500000,0,37,146.49342902932008,-34.67104692635208
10460500000,0,38,146.49290900941088,-34.67094192631264
10460500000,0,39,146.49211903954833,-34.67078692625278
10460500000,0,40,146.49115102971695,-34.6705949161794
10460500000,0,41,146.49060403982247,-34.67039293613731
10460500000,0,42,146.49021001990144,-34.67021992610681
10460500000,0,43,146.49007500992957,-34.67015091609628
10460500000,0,44,146.48979701998888,-34.66999592607454
10460500000,0,45,146.48708803049647,-34.66913191586702
10460500000,0,46,146.48515503089305,-34.668199925716834
10460500000,0,47,146.48397104118317,-34.66719593562194
10460500000,0,48,146.4723130545379,-34.65273092465693
10460500000,0,49,146.47155903476124,-34.65173592459413
10460500000,0,50,146.47016006533553,-34.64842192446773
10460500000,0,51,146.4690730557794,-34.645867924369654
10460500000,0,52,146.46873802588667,-34.64535192434125
10460500000,0,53,146.46794301610487,-34.64446092427612
10460500000,0,54,146.46710902629155,-34.64391392421041
10460500000,0,55,146.46592803651112,-34.643550934120135
10460500000,0,56,146.46496903668367,-34.6433089340472
10460500000,0,57,146.46691404654752,-34.641835924181905
10460500000,0,58,146.46720805653263,-34.64156092420191
10460500000,0,59,146.4550980496658,-34.62972893322183
10460500000,0,60,146.44979088103307,-34.62459144279281
10460500000,0,61,146.4499577910485,-34.62421578280269
10460500000,0,62,146.46017743025894,-34.61716144351456
10460500000,0,63,146.4559823721832,-34.60533883312298
10460500000,0,64,146.45668296251284,-34.601325343147934
10460500000,0,65,146.45730123277696,-34.59802975317166
10460500000,0,66,146.45863976335485,-34.59083873322259
10460500000,0,67,146.45863859336725,-34.59072654322175
10460500000,0,68,146.4633971325764,-34.59134189357965
10460510000,0,0,146.4223189480067,-34.598901600580035
10460510000,0,1,146.4271329972091,-34.599498880941226
10460510000,0,2,146.42728487710878,-34.600210530957284
10460510000,0,3,146.43149033641157,-34.60073551127292
10460510000,0,4,146.4313049463649,-34.60142589126382
10460510000,0,5,146.43146189633623,-34.60146931127575
10460510000,0,6,146.4346333158069,-34.60189836151405
10460510000,0,7,146.4347980357503,-34.602188811528244
10460510000,0,8,146.43655729545824,-34.60241231166035
10460510000,0,9,146.43667720543013,-34.602502891669864
10460510000,0,10,146.43681188532256,-34.60330473168528
10460510000,0,11,146.43720174530918,-34.602881401711365
10460510000,0,12,146.4559823721832,-34.60533883312298
10460510000,0,13,146.46017743025894,-34.61716144351456
10460510000,0,14,146.4499577910485,-34.62421578280269
10460510000,0,15,146.44979088103307,-34.62459144279281
10460510000,0,16,146.44860405133878,-34.623442922696896
10460510000,0,17,146.44795705150528,-34.62281792264462
10460510000,0,18,146.44744506163664,-34.62232691260328
10460510000,0,19,146.44691205176957,-34.62185093256048
10460510000,0,20,146.44635904190392,-34.62138993251629
10460510000,0,21,146.4457870520393,-34.620945922470796
10460510000,0,22,146.44519706217562,-34.62051893242409
10460510000,0,23,146.44458806231293,-34.620108932376105
10460510000,0,24,146.44396303245085,-34.61971592232702
10460510000,0,25,146.443322062589,-34.61934292227689
10460510000,0,26,146.4426650627278,-34.618986922225695
10460510000,0,27,146.44199404286647,-34.61865093217361
10460510000,0,28,146.44130905300517,-34.618334932120604
10460510000,0,29,146.44061102314376,-34.61803793206677
10460510000,0,30,146.4399010632819,-34.6177619320122
10460510000,0,31,146.4334730445314,-34.615271921518165
10460510000,0,32,146.42410703634982,-34.611661920798774
10460510000,0,33,146.42390807638836,-34.61158592078351
10460510000,0,34,146.42429505639953,-34.610939920807844
10460510000,0,35,146.42536004644595,-34.60901792087391
10460510000,0,36,146.42548506650917,-34.60825992087807
10460510000,0,37,146.42435706699567,-34.6053599207748
10460510000,0,38,146.42237620785107,-34.60025586059341
10460510000,0,39,146.4223189480067,-34.598901600580035
10460520000,0,0,146.4223189480067,-34.598901600580035
10460520000,0,1,146.4237714583305,-34.59387870065387
10460520000,0,2,146.4280399576222,-34.59441983097424
10460520000,0,3,146.42821263759924,-34.59438903098683
10460520000,0,4,146.42834209765135,-34.593727320991974
10460520000,0,5,146.429523567606,-34.59248826107128
10460520000,0,6,146.43059005758872,-34.59115192114142
10460520000,0,7,146.43057505774826,-34.58970292113052
10460520000,0,8,146.43077004787096,-34.58829892113551
10460520000,0,9,146.43026298822588,-34.5857387210806
10460520000,0,10,146.43303504770788,-34.586625931292325
10460520000,0,11,146.4374850568751,-34.588060921632355
10460520000,0,12,146.44146340621495,-34.588566241931154
10460520000,0,13,146.45863859336725,-34.59072654322175
10460520000,0,14,146.45863976335485,-34.59083873322259
10460520000,0,15,146.45730123277696,-34.59802975317166
10460520000,0,16,146.45668296251284,-34.601325343147934
10460520000,0,17,146.4559823721832,-34.60533883312298
10460520000,0,18,146.43720174530918,-34.602881401711365
10460520000,0,19,146.43681188532256,-34.60330473168528
10460520000,0,20,146.43667720543013,-34.602502891669864
10460520000,0,21,146.43655729545824,-34.60241231166035
10460520000,0,22,146.4347980357503,-34.602188811528244
10460520000,0,23,146.4346333158069,-34.60189836151405
10460520000,0,24,146.43146189633623,-34.60146931127575
10460520000,0,25,146.4313049463649,-34.60142589126382
10460520000,0,26,146.43149033641157,-34.60073551127292
10460520000,0,27,146.42728487710878,-34.600210530957284
10460520000,0,28,146.4271329972091,-34.599498880941226
10460520000,0,29,146.4223189480067,-34.598901600580035
10460530000,0,0,146.27906585469205,-34.55363502968978
10460530000,0,1,146.28020465624834,-34.537546209664995
10460530000,0,2,146.28357108762697,-34.51995790979399
10460530000,0,3,146.2918790713376,-34.4736759100929
10460530000,0,4,146.29192809136927,-34.473311920094055
10460530000,0,5,146.29221509132122,-34.47335391011548
10460530000,0,6,146.31567108744622,-34.476324901864125
10460530000,0,7,146.32157805647043,-34.47707191230482
10460530000,0,8,146.32294907597355,-34.47975891242413
10460530000,0,9,146.3262500554302,-34.48015792267037
10460530000,0,10,146.3270590752135,-34.48103191273599
10460530000,0,11,146.3273760851607,-34.481075912759664
10460530000,0,12,146.32754708513377,-34.48108492277234
10460530000,0,13,146.3277620650983,-34.48111191278839
10460530000,0,14,146.3273720649224,-34.48329591277438
10460530000,0,15,146.32740809491628,-34.48330192277708
10460530000,0,16,146.32733308488926,-34.48365891277397
10460530000,0,17,146.32706269493426,-34.483621932753756
10460530000,0,18,146.32648807469366,-34.486666902731955
10460530000,0,19,146.3264450746761,-34.48689092273029
10460530000,0,20,146.3253940542371,-34.49245091269033
10460530000,0,21,146.32441009374134,-34.49844391265826
10460530000,0,22,146.32382010346026,-34.501886912638
10460530000,0,23,146.32092109216674,-34.51798992253297
10460530000,0,24,146.32041210193898,-34.520822922514554
10460530000,0,25,146.3201551419559,-34.521028692497
10460530000,0,26,146.3200070619654,-34.521148902486885
10460530000,0,27,146.31869707218564,-34.52095092238891
10460530000,0,28,146.31620909245527,-34.52195591221222
10460530000,0,29,146.3156410724494,-34.522811912176124
10460530000,0,30,146.31416906252022,-34.52423091207716
10460530000,0,31,146.31208305277235,-34.524831901927406
10460530000,0,32,146.30844305328873,-34.52517092166135
10460530000,0,33,146.3056200737454,-34.524911921451526
10460530000,0,34,146.30380208407502,-34.52441491131418
10460530000,0,35,146.30252206434005,-34.523757901215426
10460530000,0,36,146.30113407464157,-34.52291491110744
10460530000,0,37,146.30087007461293,-34.52355390109231
10460530000,0,38,146.30080707460348,-34.52373091108886
10460530000,0,39,146.2997970848025,-34.52330691101158
10460530000,0,40,146.2985250950176,-34.52310291091649
10460530000,0,41,146.2978760850349,-34.52385891087378
10460530000,0,42,146.29397208543205,-34.525679910598505
10460530000,0,43,146.29341359534098,-34.52731621056842
10460530000,0,44,146.29335308532606,-34.527539910565466
10460530000,0,45,146.29388707459103,-34.53362090064588
10460530000,0,46,146.29413407425193,-34.536424910682996
10460530000,0,47,146.2894940842458,-34.54303892038593
10460530000,0,48,146.28542108426066,-34.548658900123996
10460530000,0,49,146.28226810427063,-34.55302489992136
10460530000,0,50,146.2795950646348,-34.55341891972728
10460530000,0,51,146.2791960846973,-34.553401919697805
10460530000,0,52,146.27942106462888,-34.5537199097165
10460530000,0,53,146.27906585469205,-34.55363502968978
10460540000,0,0,146.22244910643425,-34.5244189053324
10460540000,0,1,146.22630609568282,-34.52596189562582
10460540000,0,2,146.23135006469988,-34.52798191600963
10460540000,0,3,146.23165407464992,-34.528016916032186
10460540000,0,4,146.23436708457916,-34.52482989620983
10460540000,0,5,146.23464109456359,-34.524586906228286
10460540000,0,6,146.2385180844747,-34.51991990648144
10460540000,0,7,146.23748608472513,-34.51904591639975
10460540000,0,8,146.24182516442826,-34.515666186695555
10460540000,0,9,146.24159915461382,-34.51425517666942
10460540000,0,10,146.241442134742,-34.51328216665132
10460540000,0,11,146.24226407468427,-34.51265590670746
10460540000,0,12,146.24509209427038,-34.512510106914185
10460540000,0,13,146.2490016838172,-34.51119898719254
10460540000,0,14,146.2527191332042,-34.51165118746875
10460540000,0,15,146.2528560831978,-34.51151691747791
10460540000,0,16,146.25480609324336,-34.50833089759969
10460540000,0,17,146.2550080932052,-34.508400907615005
10460540000,0,18,146.25679209285695,-34.50912232775101
10460540000,0,19,146.2570490928058,-34.50923489777066
10460540000,0,20,146.2690284704575,-34.514167098684794
10460540000,0,21,146.27306207950298,-34.517351909003025
10460540000,0,22,146.27467606916392,-34.518226899127676
10460540000,0,23,146.2762510888661,-34.518771909247256
10460540000,0,24,146.2833460576648,-34.5199239097772
10460540000,0,25,146.28357108762697,-34.51995790979399
10460540000,0,26,146.28020465624834,-34.537546209664995
10460540000,0,27,146.27906585469205,-34.55363502968978
10460540000,0,28,146.2787430847494,-34.5535579096655
10460540000,0,29,146.27867405466915,-34.55440190966613
10460540000,0,30,146.26718010690877,-34.54982791878965
10460540000,0,31,146.25124910001,-34.54350690757584
10460540000,0,32,146.25090786007627,-34.543373267549846
10460540000,0,33,146.2508032900967,-34.54333076754189
10460540000,0,34,146.2422210817654,-34.53993990688853
10460540000,0,35,146.24190207182727,-34.539814906864244
10460540000,0,36,146.23655007286757,-34.53770190645699
10460540000,0,37,146.23573506301614,-34.53747191639559
10460540000,0,38,146.2336531034193,-34.53666390623729
10460540000,0,39,146.2334361134615,-34.53657789622078
10460540000,0,40,146.2312650938819,-34.535734916055745
10460540000,0,41,146.22968409420892,-34.53492590593423
10460540000,0,42,146.21892207629233,-34.53074989511643
10460540000,0,43,146.21911409630715,-34.53033890512773
10460540000,0,44,146.21926608632066,-34.52999691513657
10460540000,0,45,146.22241610641404,-34.52465490533159
10460540000,0,46,146.22244910643425,-34.5244189053324
10460550000,0,0,146.2570490928058,-34.50923489777066
10460550000,0,1,146.26040906290135,-34.503588907979506
10460550000,0,2,146.2664933955633,-34.47016030820094
10460550000,0,3,146.28550011242004,-34.47260090961594
10460550000,0,4,146.28745907210697,-34.47275090976118
10460550000,0,5,146.29178209139278,-34.473298910083216
10460550000,0,6,146.29192809136927,-34.473311920094055
10460550000,0,7,146.2918790713376,-34.4736759100929
10460550000,0,8,146.28357108762697,-34.51995790979399
10460550000,0,9,146.2833460576648,-34.5199239097772
10460550000,0,10,146.2762510888661,-34.518771909247256
10460550000,0,11,146.27467606916392,-34.518226899127676
10460550000,0,12,146.27306207950298,-34.517351909003025
10460550000,0,13,146.2690284704575,-34.514167098684794
10460550000,0,14,146.2570490928058,-34.50923489777066
10460560000,0,0,146.2570490928058,-34.50923489777066
10460560000,0,1,146.25679209285695,-34.50912232775101
10460560000,0,2,146.2550080932052,-34.508400907615005
10460560000,0,3,146.25480609324336,-34.50833089759969
10460560000,0,4,146.25476208325324,-34.50830090759626
10460560000,0,5,146.24626907491924,-34.50478990694849
10460560000,0,6,146.23854509643607,-34.501577896359514
10460560000,0,7,146.23564509689345,-34.501417906145505
10460560000,0,8,146.23205908733487,-34.50237990588877
10460560000,0,9,146.21532609939686,-34.506852914691336
10460560000,0,10,146.21377407960657,-34.507095914579175
10460560000,0,11,146.2120240898762,-34.50705991445061
10460560000,0,12,146.2070750906937,-34.506443894083624
10460560000,0,13,146.20707509073432,-34.506063904081074
10460560000,0,14,146.20709809074515,-34.50592991408184
10460560000,0,15,146.20815210126128,-34.49960790411641
10460560000,0,16,146.20820509125195,-34.49961991412037
10460560000,0,17,146.2084020913476,-34.498445904126875
10460560000,0,18,146.20949508186922,-34.49201691416358
10460560000,0,19,146.2095110619089,-34.49162289416209
10460560000,0,20,146.21174308286814,-34.47948390424369
10460560000,0,21,146.21712208220472,-34.478056904628495
10460560000,0,22,146.22018607182054,-34.47730389484812
10460560000,0,23,146.22642608133063,-34.47303591527708
10460560000,0,24,146.2291321108843,-34.47337190547793
10460560000,0,25,146.22945488082996,-34.473422175501966
10460560000,0,26,146.23381711011172,-34.47395190582573
10460560000,0,27,146.25089308783728,-34.471010907059934
10460560000,0,28,146.25133308777583,-34.47096191709192
10460560000,0,29,146.25142306776337,-34.47095090709847
10460560000,0,30,146.26178011634272,-34.46955489785028
10460560000,0,31,146.2664933955633,-34.47016030820094
10460560000,0,32,146.26040906290135,-34.503588907979506
10460560000,0,33,146.2570490928058,-34.50923489777066
10460570000,0,0,146.22244910643425,-34.5244189053324
10460570000,0,1,146.22225609647293,-34.52433189531765
10460570000,0,2,146.21463708795918,-34.521263914738114
10460570000,0,3,146.21319708829935,-34.52012990462487
10460570000,0,4,146.21051506875736,-34.51965791442503
10460570000,0,5,146.2074860793481,-34.51843890419476
10460570000,0,6,146.20732708937942,-34.51837190418265
10460570000,0,7,146.2070061094418,-34.51824489415827
10460570000,0,8,146.20806806949793,-34.51621189422239
10460570000,0,9,146.2112940896697,-34.510025904417105
10460570000,0,10,146.21145508963724,-34.51010090442943
10460570000,0,11,146.21147709965123,-34.50993889442994
10460570000,0,12,146.21179709984713,-34.50765390443797
10460570000,0,13,146.211960099849,-34.507404894448236
10460570000,0,14,146.2120240898762,-34.50705991445061
10460570000,0,15,146.21377407960657,-34.507095914579175
10460570000,0,16,146.21532609939686,-34.506852914691336
10460570000,0,17,146.23205908733487,-34.50237990588877
10460570000,0,18,146.23564509689345,-34.501417906145505
10460570000,0,19,146.23854509643607,-34.501577896359514
10460570000,0,20,146.24626907491924,-34.50478990694849
10460570000,0,21,146.25476208325324,-34.50830090759626
10460570000,0,22,146.25480609324336,-34.50833089759969
10460570000,0,23,146.2528560831978,-34.51151691747791
10460570000,0,24,146.2527191332042,-34.51165118746875
10460570000,0,25,146.2490016838172,-34.51119898719254
10460570000,0,26,146.24509209427038,-34.512510106914185
10460570000,0,27,146.24226407468427,-34.51265590670746
10460570000,0,28,146.241442134742,-34.51328216665132
10460570000,0,29,146.24159915461382,-34.51425517666942
10460570000,0,30,146.24182516442826,-34.515666186695555
10460570000,0,31,146.23748608472513,-34.51904591639975
10460570000,0,32,146.2385180844747,-34.51991990648144
10460570000,0,33,146.23464109456359,-34.524586906228286
10460570000,0,34,146.23436708457916,-34.52482989620983
10460570000,0,35,146.23165407464992,-34.528016916032186
10460570000,0,36,146.23135006469988,-34.52798191600963
10460570000,0,37,146.22630609568282,-34.52596189562582
10460570000,0,38,146.22244910643425,-34.5244189053324
10460580000,0,0,146.33509600932751,-34.52436581362206
10460580000,0,1,146.33471297916486,-34.52641474360762
10460580000,0,2,146.3345720491689,-34.52657592359831
10460580000,0,3,146.33433706906888,-34.52783492358946
10460580000,0,4,146.33437107891544,-34.529210913601275
10460580000,0,5,146.3346985988515,-34.52934254362633
10460580000,0,6,146.3345627087935,-34.530072363621244
10460580000,0,7,146.33467107877556,-34.53008620362934
10460580000,0,8,146.3344936486999,-34.53103826362266
10460580000,0,9,146.33447138869082,-34.5311537236218
10460580000,0,10,146.3293169995456,-34.53048730323686
10460580000,0,11,146.3301555899062,-34.52595805326815
10460580000,0,12,146.3303227598804,-34.52596223328052
10460580000,0,13,146.33156404967468,-34.526122003373196
10460580000,0,14,146.33170336974874,-34.52523818337752
10460580000,0,15,146.33183297972468,-34.52527886338735
10460580000,0,16,146.33204142968538,-34.52534987340322
10460580000,0,17,146.33246190959758,-34.52557181343575
10460580000,0,18,146.3327711395356,-34.52571123345953
10460580000,0,19,146.33287979951263,-34.52577104346795
10460580000,0,20,146.3330809495082,-34.525528583481176
10460580000,0,21,146.33428424946402,-34.52424296356129
10460580000,0,22,146.33504308933715,-34.52435090361804
10460580000,0,23,146.33509600932751,-34.52436581362206
10460590000,0,0,146.33509600932751,-34.52436581362206
10460590000,0,1,146.33504308933715,-34.52435090361804
10460590000,0,2,146.33428424946402,-34.52424296356129
10460590000,0,3,146.3330809495082,-34.525528583481176
10460590000,0,4,146.33287979951263,-34.52577104346795
10460590000,0,5,146.3327711395356,-34.52571123345953
10460590000,0,6,146.33246190959758,-34.52557181343575
10460590000,0,7,146.33204142968538,-34.52534987340322
10460590000,0,8,146.33183297972468,-34.52527886338735
10460590000,0,9,146.33170336974874,-34.52523818337752
10460590000,0,10,146.3314024298031,-34.525157893354766
10460590000,0,11,146.33032746997966,-34.5250342432746
10460590000,0,12,146.3307589301657,-34.522699283290656
10460590000,0,13,146.335357089419,-34.52314890363311
10460590000,0,14,146.3352790594053,-34.52338591362896
10460590000,0,15,146.33509600932751,-34.52436581362206
10460610000,0,0,146.38610306853064,-34.55259791758357
10460610000,0,1,146.38507661866265,-34.55282013750909
10460610000,0,2,146.38503489866883,-34.552821187506
10460610000,0,3,146.3850031786531,-34.553011207504944
10460610000,0,4,146.38488221860317,-34.55364336750026
10460610000,0,5,146.3846917985194,-34.55468528749319
10460610000,0,6,146.38457152846354,-34.555371077488935
10460610000,0,7,146.38308440871012,-34.55518110737757
10460610000,0,8,146.377695919603,-34.55449808697415
10460610000,0,9,146.37793243973056,-34.55298537698144
10460610000,0,10,146.37784348976754,-34.55276836697338
10460610000,0,11,146.37852289968737,-34.552554957022224
10460610000,0,12,146.37948357960852,-34.55193361708913
10460610000,0,13,146.3807240694524,-34.5516339171789
10460610000,0,14,146.3819310493002,-34.55134492726628
10460610000,0,15,146.38258804921767,-34.551184917313826
10460610000,0,16,146.38282204918687,-34.55114092733085
10460610000,0,17,146.38295563918737,-34.55094822733943
10460610000,0,18,146.38337790915924,-34.550615027368444
10460610000,0,19,146.38374680911903,-34.55046826739476
10460610000,0,20,146.38415323903246,-34.550698017426384
10460610000,0,21,146.38450673896457,-34.550828707453455
10460610000,0,22,146.38509953886293,-34.55093551749805
10460610000,0,23,146.38509796882727,-34.551267747500184
10460610000,0,24,146.3852170687831,-34.55150890751063
10460610000,0,25,146.38532904875188,-34.5516399075198
10460610000,0,26,146.38610306853064,-34.55259791758357
10460620000,0,0,146.37735753027437,-34.54876310691037
10460620000,0,1,146.37745326026385,-34.54872558691721
10460620000,0,2,146.37764478024502,-34.548630626930745
10460620000,0,3,146.37814337020183,-34.5483292269656
10460620000,0,4,146.378306490209,-34.54803338697567
10460620000,0,5,146.37880209019013,-34.54751122700882
10460620000,0,6,146.37923096010675,-34.547679687041686
10460620000,0,7,146.38011797991882,-34.548171267110654
10460620000,0,8,146.38110256970126,-34.54880010718777
10460620000,0,9,146.38236473942044,-34.54962340728675
10460620000,0,10,146.38366793913588,-34.55042369738863
10460620000,0,11,146.38374680911903,-34.55046826739476
10460620000,0,12,146.38337790915924,-34.550615027368444
10460620000,0,13,146.38295563918737,-34.55094822733943
10460620000,0,14,146.38282204918687,-34.55114092733085
10460620000,0,15,146.38258804921767,-34.551184917313826
10460620000,0,16,146.3819310493002,-34.55134492726628
10460620000,0,17,146.3807240694524,-34.5516339171789
10460620000,0,18,146.37948357960852,-34.55193361708913
10460620000,0,19,146.37940903963238,-34.55181791708283
10460620000,0,20,146.3790080598036,-34.550797917046246
10460620000,0,21,146.3783210498545,-34.55129292699877
10460620000,0,22,146.37823505986074,-34.55135591699283
10460620000,0,23,146.37813504986966,-34.55141391698581
10460620000,0,24,146.3780470498784,-34.55145692697961
10460620000,0,25,146.37786304995868,-34.55097290696271
10460620000,0,26,146.37740505001636,-34.55108290692956
10460620000,0,27,146.37687306009076,-34.5511429268906
10460620000,0,28,146.3767270601138,-34.551134916879754
10460620000,0,29,146.37646408015476,-34.55112592686023
10460620000,0,30,146.37649207020414,-34.550629916858945
10460620000,0,31,146.37670304017342,-34.55061691687447
10460620000,0,32,146.37711608011512,-34.55057591690475
10460620000,0,33,146.37746005008822,-34.550340916928626
10460620000,0,34,146.37714619017163,-34.55001033690317
10460620000,0,35,146.37697121021455,-34.549859486889204
10460620000,0,36,146.37700760021045,-34.54984644689181
10460620000,0,37,146.37714907019583,-34.54978254690183
10460620000,0,38,146.3772142301904,-34.54974139690638
10460620000,0,39,146.3778784201465,-34.54921365695196
10460620000,0,40,146.37735753027437,-34.54876310691037
10460630000,0,0,146.36719191924732,-34.47994138569321
10460630000,0,1,146.3666406589926,-34.48307822567367
10460630000,0,2,146.36598077867762,-34.48692609565088
10460630000,0,3,146.365125068275,-34.49186204562099
10460630000,0,4,146.3645911880039,-34.49512606560359
10460630000,0,5,146.3644378479691,-34.49566417559589
10460630000,0,6,146.36439499792493,-34.496133805595896
10460630000,0,7,146.3644079578847,-34.496489035599254
10460630000,0,8,146.36444861783403,-34.49690151560504
10460630000,0,9,146.36444718777742,-34.49742854560851
10460630000,0,10,146.36448752771196,-34.49797852561521
10460630000,0,11,146.36468334754372,-34.499262555638374
10460630000,0,12,146.3654587869737,-34.503455845724055
10460630000,0,13,146.36666262607898,-34.51005482585768
10460630000,0,14,146.3668303859509,-34.51100576587653
10460630000,0,15,146.36701434571398,-34.512942125903216
10460630000,0,16,146.36722815536993,-34.51582940593855
10460630000,0,17,146.36754067490196,-34.519724965987976
10460630000,0,18,146.36791074432136,-34.52458289604818
10460630000,0,19,146.3685018634222,-34.532079076142544
10460630000,0,20,146.36907750254318,-34.53940824623465
10460630000,0,21,146.36928055237016,-34.54072494625856
10460630000,0,22,146.36868089252457,-34.54013869621024
10460630000,0,23,146.36729948298847,-34.5377865360922
10460630000,0,24,146.36108477438034,-34.533638425604636
10460630000,0,25,146.3608961444234,-34.53350504558979
10460630000,0,26,146.35470880580644,-34.529397445104706
10460630000,0,27,146.34760170739915,-34.52463787454741
10460630000,0,28,146.34725503747646,-34.524409014520266
10460630000,0,29,146.3469778575346,-34.52426033449879
10460630000,0,30,146.34675607757814,-34.52416888448178
10460630000,0,31,146.34645152763176,-34.52410039445882
10460630000,0,32,146.34614696768415,-34.52404334443593
10460630000,0,33,146.34594249771868,-34.52401085442061
10460630000,0,34,146.34571746775677,-34.523975044403734
10460630000,0,35,146.33606657934234,-34.522860913683544
10460630000,0,36,146.335357089419,-34.52314890363311
10460630000,0,37,146.3307589301657,-34.522699283290656
10460630000,0,38,146.330666950228,-34.52225073328084
10460630000,0,39,146.32632068094154,-34.52175365295675
10460630000,0,40,146.32034753192417,-34.52105193251134
10460630000,0,41,146.3201551419559,-34.521028692497
10460630000,0,42,146.32041210193898,-34.520822922514554
10460630000,0,43,146.32092109216674,-34.51798992253297
10460630000,0,44,146.32382010346026,-34.501886912638
10460630000,0,45,146.32441009374134,-34.49844391265826
10460630000,0,46,146.3253940542371,-34.49245091269033
10460630000,0,47,146.3264450746761,-34.48689092273029
10460630000,0,48,146.32648807469366,-34.486666902731955
10460630000,0,49,146.32706269493426,-34.483621932753756
10460630000,0,50,146.32733308488926,-34.48365891277397
10460630000,0,51,146.32740809491628,-34.48330192277708
10460630000,0,52,146.3273720649224,-34.48329591277438
10460630000,0,53,146.3277620650983,-34.48111191278839
10460630000,0,54,146.32879505556292,-34.47533891282557
10460630000,0,55,146.33157106681378,-34.459802902925354
10460630000,0,56,146.3316540668247,-34.45958390293001
10460630000,0,57,146.33429706797557,-34.44516391302751
10460630000,0,58,146.3373971572664,-34.447393583271456
10460630000,0,59,146.33952189678882,-34.44884223343814
10460630000,0,60,146.3409287564596,-34.449922503549324
10460630000,0,61,146.34214266618304,-34.450784603644806
10460630000,0,62,146.34309451596346,-34.45148569371984
10460630000,0,63,146.34414319572298,-34.45224430380244
10460630000,0,64,146.34499853552543,-34.45287638386989
10460630000,0,65,146.34581252534034,-34.45345111393389
10460630000,0,66,146.34679207511655,-34.454152234011
10460630000,0,67,146.3477576148936,-34.45486476408715
10460630000,0,68,146.34887538463897,-34.455657834175085
10460630000,0,69,146.34996545438602,-34.456473774261134
10460630000,0,70,146.35088960417306,-34.45715184433399
10460630000,0,71,146.3522834938543,-34.45815172444376
10460630000,0,72,146.35687209280084,-34.461479844805375
10460630000,0,73,146.35835527246297,-34.462530324922106
10460630000,0,74,146.3591555322774,-34.4631278349853
10460630000,0,75,146.359693762155,-34.46350709502765
10460630000,0,76,146.36013512204977,-34.463863235062675
10460630000,0,77,146.3605768119482,-34.464184965097516
10460630000,0,78,146.36099083185454,-34.46447225513006
10460630000,0,79,146.36128064177845,-34.46477078515351
10460630000,0,80,146.36180445163356,-34.46537908519635
10460630000,0,81,146.36205214155152,-34.465792095217445
10460630000,0,82,146.36249276140197,-34.466560605255225
10460630000,0,83,146.36362138102325,-34.46848769535171
10460630000,0,84,146.36455772070832,-34.470093665431804
10460630000,0,85,146.36539725041908,-34.471596195504056
10460630000,0,86,146.3663476401057,-34.47316778558496
10460630000,0,87,146.36687071992992,-34.474062565629694
10460630000,0,88,146.36711873984905,-34.47446404565074
10460630000,0,89,146.36733871976872,-34.474899835669966
10460630000,0,90,146.36747625970833,-34.47526676568261
10460630000,0,91,146.36766882960848,-34.47592223570129
10460630000,0,92,146.3676983895789,-34.47615509570506
10460630000,0,93,146.3677113195659,-34.4762570357067
10460630000,0,94,146.36774766951314,-34.47669542571236
10460630000,0,95,146.36771744948294,-34.477018085712295
10460630000,0,96,146.3676745994592,-34.47729815571102
10460630000,0,97,146.36758064942688,-34.477730055707
10460630000,0,98,146.36719191924732,-34.47994138569321
10460640000,0,0,146.35556513352773,-34.54930515530246
10460640000,0,1,146.35264695388238,-34.55012860509237
10460640000,0,2,146.3517012034595,-34.55537807505793
10460640000,0,3,146.35059405351512,-34.55642247498317
10460640000,0,4,146.3512784932732,-34.55769895504236
10460640000,0,5,146.35005563271244,-34.56461589499872
10460640000,0,6,146.34994245265753,-34.565283634994856
10460640000,0,7,146.34698204135142,-34.58155090488594
10460640000,0,8,146.31177407821738,-34.56756590219317
10460640000,0,9,146.31185506825133,-34.567135912196235
10460640000,0,10,146.31154007831276,-34.56701090217217
10460640000,0,11,146.3146110796369,-34.55038392228637
10460640000,0,12,146.314477089663,-34.55033092227614
10460640000,0,13,146.314435079678,-34.55025090227251
10460640000,0,14,146.31471104968017,-34.54984091229007
10460640000,0,15,146.3156220600653,-34.544979902324435
10460640000,0,16,146.31566009008094,-34.54478092232589
10460640000,0,17,146.3166820505127,-34.53932991236446
10460640000,0,18,146.31757309090375,-34.534441912397156
10460640000,0,19,146.31785892102965,-34.53286928240762
10460640000,0,20,146.32450392993337,-34.53367442290323
10460640000,0,21,146.32575565976109,-34.53350850299446
10460640000,0,22,146.3270650195098,-34.53399445309436
10460640000,0,23,146.3285038192695,-34.5341959432019
10460640000,0,24,146.33139581878675,-34.53459892341806
10460640000,0,25,146.33470509793898,-34.53779911368394
10460640000,0,26,146.3358849576345,-34.538960653778894
10460640000,0,27,146.3401104869517,-34.53933857409343
10460640000,0,28,146.34448519579743,-34.54387682444716
10460640000,0,29,146.35375995426438,-34.54502277514014
10460640000,0,30,146.35389405421924,-34.5452521751516
10460640000,0,31,146.35556513352773,-34.54930515530246
10460650000,0,0,146.33509600932751,-34.52436581362206
10460650000,0,1,146.3352790594053,-34.52338591362896
10460650000,0,2,146.335357089419,-34.52314890363311
10460650000,0,3,146.33606657934234,-34.522860913683544
10460650000,0,4,146.34571746775677,-34.523975044403734
10460650000,0,5,146.34594249771868,-34.52401085442061
10460650000,0,6,146.3461516773023,-34.52757801446017
10460650000,0,7,146.34589624694254,-34.531273234466255
10460650000,0,8,146.34559946684962,-34.53255325445299
10460650000,0,9,146.35291088563827,-34.53348681499946
10460650000,0,10,146.3519296952181,-34.53876200496259
10460650000,0,11,146.3530740046345,-34.54255868507279
10460650000,0,12,146.35375995426438,-34.54502277514014
10460650000,0,13,146.34448519579743,-34.54387682444716
10460650000,0,14,146.3401104869517,-34.53933857409343
10460650000,0,15,146.3358849576345,-34.538960653778894
10460650000,0,16,146.33470509793898,-34.53779911368394
10460650000,0,17,146.33139581878675,-34.53459892341806
10460650000,0,18,146.3285038192695,-34.5341959432019
10460650000,0,19,146.3270650195098,-34.53399445309436
10460650000,0,20,146.32575565976109,-34.53350850299446
10460650000,0,21,146.32450392993337,-34.53367442290323
10460650000,0,22,146.31785892102965,-34.53286928240762
10460650000,0,23,146.31845307129026,-34.52961092242943
10460650000,0,24,146.31853505132585,-34.529164922432464
10460650000,0,25,146.31985106190382,-34.52194091248072
10460650000,0,26,146.31989405191658,-34.52176190248269
10460650000,0,27,146.3200070619654,-34.521148902486885
10460650000,0,28,146.3201551419559,-34.521028692497
10460650000,0,29,146.32034753192417,-34.52105193251134
10460650000,0,30,146.32632068094154,-34.52175365295675
10460650000,0,31,146.330666950228,-34.52225073328084
10460650000,0,32,146.3307589301657,-34.522699283290656
10460650000,0,33,146.33032746997966,-34.5250342432746
10460650000,0,34,146.3301555899062,-34.52595805326815
10460650000,0,35,146.3293169995456,-34.53048730323686
10460650000,0,36,146.33447138869082,-34.5311537236218
10460650000,0,37,146.3344936486999,-34.53103826362266
10460650000,0,38,146.33467107877556,-34.53008620362934
10460650000,0,39,146.3345627087935,-34.530072363621244
10460650000,0,40,146.3346985988515,-34.52934254362633
10460650000,0,41,146.33437107891544,-34.529210913601275
10460650000,0,42,146.33433706906888,-34.52783492358946
10460650000,0,43,146.3345720491689,-34.52657592359831
10460650000,0,44,146.33471297916486,-34.52641474360762
10460650000,0,45,146.33509600932751,-34.52436581362206
10460660000,0,0,146.38447841839064,-34.556175817487464
10460660000,0,1,146.38589096799546,-34.557844287603295
10460660000,0,2,146.3862480478929,-34.558291047632764
10460660000,0,3,146.3864842378322,-34.55852000765179
10460660000,0,4,146.38663647780166,-34.55858832766352
10460660000,0,5,146.3868164977681,-34.55864556767723
10460660000,0,6,146.38719054770635,-34.558690837705235
10460660000,0,7,146.38764774763195,-34.55873609773939
10460660000,0,8,146.38789722759037,-34.558769937758086
10460660000,0,9,146.38815210754842,-34.558799727777156
10460660000,0,10,146.38855937735607,-34.56000531781545
10460660000,0,11,146.38850042734674,-34.560174417812235
10460660000,0,12,146.38881841719044,-34.56117232784251
10460660000,0,13,146.3906627968848,-34.56140550798066
10460660000,0,14,146.39138888677812,-34.561371488034204
10460660000,0,15,146.39111199663768,-34.56305834802509
10460660000,0,16,146.3908110565548,-34.56424691801083
10460660000,0,17,146.39043404637042,-34.566480927997986
10460660000,0,18,146.39023906627563,-34.56763091799132
10460660000,0,19,146.39011708623346,-34.568191917986084
10460660000,0,20,146.38991903612074,-34.56951192798032
10460660000,0,21,146.38972105603656,-34.570567927972796
10460660000,0,22,146.389610935989,-34.571162517968645
10460660000,0,23,146.38937007586117,-34.57268191796107
10460660000,0,24,146.3892020658282,-34.5732229179523
10460660000,0,25,146.388830055727,-34.57468091793459
10460660000,0,26,146.3888050557205,-34.57477591793337
10460660000,0,27,146.38875906569945,-34.57503491793172
10460660000,0,28,146.38795106549122,-34.578094907892556
10460660000,0,29,146.38792007547778,-34.5782629278914
10460660000,0,30,146.38753904538626,-34.57964391787251
10460660000,0,31,146.3875080253629,-34.57990291787195
10460660000,0,32,146.38676105518013,-34.58264191783514
10460660000,0,33,146.38636407506507,-34.58426291781669
10460660000,0,34,146.3862570550487,-34.58456491781081
10460660000,0,35,146.38576905490214,-34.586604907788455
10460660000,0,36,146.38558604487295,-34.58713191777846
10460660000,0,37,146.3855700548568,-34.587303907778434
10460660000,0,38,146.3856320648032,-34.58771190778578
10460660000,0,39,146.38582968468583,-34.58851817780585
10460660000,0,40,146.38517406477342,-34.58863091775806
10460660000,0,41,146.38502204479852,-34.588612917746694
10460660000,0,42,146.3785170558748,-34.58781591725985
10460660000,0,43,146.37837904589756,-34.58779991724953
10460660000,0,44,146.37178805698807,-34.58699190675643
10460660000,0,45,146.37148806703763,-34.586955906733984
10460660000,0,46,146.37144904702106,-34.5871639267325
10460660000,0,47,146.36969503700618,-34.58976992662035
10460660000,0,48,146.36957707699668,-34.59002391661332
10460660000,0,49,146.36936705698074,-34.590466916600796
10460660000,0,50,146.36898106705908,-34.59028590657103
10460660000,0,51,146.36172303847525,-34.58740591601487
10460660000,0,52,146.34698204135142,-34.58155090488594
10460660000,0,53,146.34994245265753,-34.565283634994856
10460660000,0,54,146.35005563271244,-34.56461589499872
10460660000,0,55,146.3512784932732,-34.55769895504236
10460660000,0,56,146.35059405351512,-34.55642247498317
10460660000,0,57,146.3517012034595,-34.55537807505793
10460660000,0,58,146.35264695388238,-34.55012860509237
10460660000,0,59,146.35556513352773,-34.54930515530246
10460660000,0,60,146.3710179109649,-34.551288776458414
10460660000,0,61,146.36941487018333,-34.56077622640392
10460660000,0,62,146.37642366901437,-34.56173200692886
10460660000,0,63,146.37661876906466,-34.5609922169383
10460660000,0,64,146.3831574479814,-34.561816707427774
10460660000,0,65,146.38447841839064,-34.556175817487464
10460670000,0,0,146.38447841839064,-34.556175817487464
10460670000,0,1,146.3831574479814,-34.561816707427774
10460670000,0,2,146.37661876906466,-34.5609922169383
10460670000,0,3,146.37642366901437,-34.56173200692886
10460670000,0,4,146.36941487018333,-34.56077622640392
10460670000,0,5,146.3710179109649,-34.551288776458414
10460670000,0,6,146.35556513352773,-34.54930515530246
10460670000,0,7,146.35389405421924,-34.5452521751516
10460670000,0,8,146.35375995426438,-34.54502277514014
10460670000,0,9,146.3530740046345,-34.54255868507279
10460670000,0,10,146.3519296952181,-34.53876200496259
10460670000,0,11,146.35291088563827,-34.53348681499946
10460670000,0,12,146.34559946684962,-34.53255325445299
10460670000,0,13,146.34589624694254,-34.531273234466255
10460670000,0,14,146.3461516773023,-34.52757801446017
10460670000,0,15,146.34594249771868,-34.52401085442061
10460670000,0,16,146.34614696768415,-34.52404334443593
10460670000,0,17,146.34645152763176,-34.52410039445882
10460670000,0,18,146.34675607757814,-34.52416888448178
10460670000,0,19,146.3469778575346,-34.52426033449879
10460670000,0,20,146.34725503747646,-34.524409014520266
10460670000,0,21,146.34760170739915,-34.52463787454741
10460670000,0,22,146.35470880580644,-34.529397445104706
10460670000,0,23,146.3608961444234,-34.53350504558979
10460670000,0,24,146.36108477438034,-34.533638425604636
10460670000,0,25,146.36729948298847,-34.5377865360922
10460670000,0,26,146.36868089252457,-34.54013869621024
10460670000,0,27,146.36928055237016,-34.54072494625856
10460670000,0,28,146.3693161723399,-34.540954786262745
10460670000,0,29,146.36962255220553,-34.5417678662909
10460670000,0,30,146.37009917204824,-34.542553376331455
10460670000,0,31,146.37030332199447,-34.542763886347984
10460670000,0,32,146.37060784191536,-34.54306791637257
10460670000,0,33,146.37069175189376,-34.54314981637931
10460670000,0,34,146.37077851187198,-34.54322954638627
10460670000,0,35,146.37086888185004,-34.543305856393474
10460670000,0,36,146.37097758182443,-34.54338983640207
10460670000,0,37,146.37109062179857,-34.54347028641098
10460670000,0,38,146.37114858178558,-34.54350917641554
10460670000,0,39,146.37457400102673,-34.54571489668384
10460670000,0,40,146.37580806076264,-34.54642373677992
10460670000,0,41,146.3766951605924,-34.546751396847775
10460670000,0,42,146.3763338805738,-34.54743178682564
10460670000,0,43,146.37386188090338,-34.547858026645635
10460670000,0,44,146.37308206101022,-34.547965916588666
10460670000,0,45,146.37323208093827,-34.54842090660283
10460670000,0,46,146.3733651209139,-34.548459536612945
10460670000,0,47,146.37334880083483,-34.54921390661683
10460670000,0,48,146.3732270808562,-34.54918691660764
10460670000,0,49,146.37278207092442,-34.54918192657469
10460670000,0,50,146.37276305080033,-34.55035691658122
10460670000,0,51,146.37265308081618,-34.55036492657314
10460670000,0,52,146.37263808071881,-34.55128690657825
10460670000,0,53,146.37318006061898,-34.55144891661944
10460670000,0,54,146.37423510037667,-34.55220687670261
10460670000,0,55,146.37497908021905,-34.552618906760436
10460670000,0,56,146.3749307502144,-34.55273029675762
10460670000,0,57,146.3755412900856,-34.553063126805036
10460670000,0,58,146.3758505500355,-34.55309184682812
10460670000,0,59,146.3759002300285,-34.55308697683175
10460670000,0,60,146.37659499992478,-34.553069256883035
10460670000,0,61,146.3768945198821,-34.55304315690503
10460670000,0,62,146.37732872983062,-34.55290869693625
10460670000,0,63,146.37784348976754,-34.55276836697338
10460670000,0,64,146.37793243973056,-34.55298537698144
10460670000,0,65,146.377695919603,-34.55449808697415
10460670000,0,66,146.38308440871012,-34.55518110737757
10460670000,0,67,146.38457152846354,-34.555371077488935
10460670000,0,68,146.38449484841968,-34.555884527486725
10460670000,0,69,146.38445958840668,-34.55605409748525
10460670000,0,70,146.38447841839064,-34.556175817487464
10460680000,0,0,146.33429706797557,-34.44516391302751
10460680000,0,1,146.33433108802535,-34.444652903026565
10460680000,0,2,146.33612706876607,-34.43523790309541
10460680000,0,3,146.33625609878428,-34.43488692310257
10460680000,0,4,146.3389540700072,-34.41971792319905
10460680000,0,5,146.3394630602291,-34.41693790321781
10460680000,0,6,146.33988307041176,-34.414647923233325
10460680000,0,7,146.33993307043312,-34.41437891323518
10460680000,0,8,146.34185611127026,-34.40388691330611
10460680000,0,9,146.3419550612936,-34.40353092331102
10460680000,0,10,146.35582206876242,-34.40757890436285
10460680000,0,11,146.36554909657283,-34.41426192512715
10460680000,0,12,146.36757908610423,-34.41576391528744
10460680000,0,13,146.36924205571685,-34.41702691541899
10460680000,0,14,146.37519309450772,-34.41989890587863
10460680000,0,15,146.3770090739943,-34.422115916028
10460680000,0,16,146.37842808359073,-34.423869916144874
10460680000,0,17,146.37882509341927,-34.42490391618126
10460680000,0,18,146.37864909318088,-34.427362916184876
10460680000,0,19,146.37852010300455,-34.42917991618764
10460680000,0,20,146.37788908281559,-34.43181892615882
10460680000,0,21,146.37700907255146,-34.43550491611867
10460680000,0,22,146.37653209205772,-34.44075492611891
10460680000,0,23,146.3764750719994,-34.441375906118914
10460680000,0,24,146.37509840195497,-34.44372117603294
10460680000,0,25,146.3737070618757,-34.446410245948215
10460680000,0,26,146.36833410948606,-34.47612238575184
10460680000,0,27,146.3676983895789,-34.47615509570506
10460680000,0,28,146.36766882960848,-34.47592223570129
10460680000,0,29,146.36747625970833,-34.47526676568261
10460680000,0,30,146.36733871976872,-34.474899835669966
10460680000,0,31,146.36711873984905,-34.47446404565074
10460680000,0,32,146.36687071992992,-34.474062565629694
10460680000,0,33,146.3663476401057,-34.47316778558496
10460680000,0,34,146.36539725041908,-34.471596195504056
10460680000,0,35,146.36455772070832,-34.470093665431804
10460680000,0,36,146.36362138102325,-34.46848769535171
10460680000,0,37,146.36249276140197,-34.466560605255225
10460680000,0,38,146.36205214155152,-34.465792095217445
10460680000,0,39,146.36180445163356,-34.46537908519635
10460680000,0,40,146.36128064177845,-34.46477078515351
10460680000,0,41,146.36099083185454,-34.46447225513006
10460680000,0,42,146.3605768119482,-34.464184965097516
10460680000,0,43,146.36013512204977,-34.463863235062675
10460680000,0,44,146.359693762155,-34.46350709502765
10460680000,0,45,146.3591555322774,-34.4631278349853
10460680000,0,46,146.35835527246297,-34.462530324922106
10460680000,0,47,146.35687209280084,-34.461479844805375
10460680000,0,48,146.3522834938543,-34.45815172444376
10460680000,0,49,146.35088960417306,-34.45715184433399
10460680000,0,50,146.34996545438602,-34.456473774261134
10460680000,0,51,146.34887538463897,-34.455657834175085
10460680000,0,52,146.3477576148936,-34.45486476408715
10460680000,0,53,146.34679207511655,-34.454152234011
10460680000,0,54,146.34581252534034,-34.45345111393389
10460680000,0,55,146.34499853552543,-34.45287638386989
10460680000,0,56,146.34414319572298,-34.45224430380244
10460680000,0,57,146.34309451596346,-34.45148569371984
10460680000,0,58,146.34214266618304,-34.450784603644806
10460680000,0,59,146.3409287564596,-34.449922503549324
10460680000,0,60,146.33952189678882,-34.44884223343814
10460680000,0,61,146.3373971572664,-34.447393583271456
10460680000,0,62,146.33429706797557,-34.44516391302751
10460690000,0,0,146.40296249318655,-34.48586200838116
10460690000,0,1,146.40182818354535,-34.48413283828541
10460690000,0,2,146.40154031363696,-34.4836888582611
10460690000,0,3,146.40133715365613,-34.48379639824676
10460690000,0,4,146.39560435459856,-34.483114857817455
10460690000,0,5,146.39217361516884,-34.48264935756024
10460690000,0,6,146.38676361605968,-34.481992307155224
10460690000,0,7,146.38376470654092,-34.48174485693156
10460690000,0,8,146.38226977678906,-34.48154518681955
10460690000,0,9,146.3705593387143,-34.48015137594367
10460690000,0,10,146.36871779912204,-34.4789585457994
10460690000,0,11,146.36851244903838,-34.480023355791424
10460690000,0,12,146.36719191924732,-34.47994138569321
10460690000,0,13,146.36758064942688,-34.477730055707
10460690000,0,14,146.3676745994592,-34.47729815571102
10460690000,0,15,146.36771744948294,-34.477018085712295
10460690000,0,16,146.36774766951314,-34.47669542571236
10460690000,0,17,146.3677113195659,-34.4762570357067
10460690000,0,18,146.3676983895789,-34.47615509570506
10460690000,0,19,146.36833410948606,-34.47612238575184
10460690000,0,20,146.3737070618757,-34.446410245948215
10460690000,0,21,146.37509840195497,-34.44372117603294
10460690000,0,22,146.3764750719994,-34.441375906118914
10460690000,0,23,146.37653610190182,-34.44219592612897
10460690000,0,24,146.37711609171208,-34.44314192617829
10460690000,0,25,146.3790750812886,-34.44431990633122
10460690000,0,26,146.38004605107855,-34.44490491640704
10460690000,0,27,146.3881630693868,-34.44919991703693
10460690000,0,28,146.38883506920683,-34.449924907091585
10460690000,0,29,146.38956108896173,-34.45117791715382
10460690000,0,30,146.3900250788053,-34.45197691719358
10460690000,0,31,146.39074908856298,-34.45320691725553
10460690000,0,32,146.39281706787133,-34.456714907432406
10460690000,0,33,146.39396108707268,-34.462508927556335
10460690000,0,34,146.39445007689318,-34.463485907599164
10460690000,0,35,146.3948920967674,-34.4640309176356
10460690000,0,36,146.39580809661786,-34.46413091770411
10460690000,0,37,146.40120907641915,-34.458396908065396
10460690000,0,38,146.40217004633092,-34.45786692813301
10460690000,0,39,146.40606105580693,-34.457263918417254
10460690000,0,40,146.40728607559328,-34.45752491850982
10460690000,0,41,146.40749609555672,-34.457568928525674
10460690000,0,42,146.40883805523896,-34.45862991863231
10460690000,0,43,146.40914406514113,-34.459105928658225
10460690000,0,44,146.41132705437178,-34.46316791884754
10460690000,0,45,146.4124090639906,-34.46517891894136
10460690000,0,46,146.41399608356792,-34.466865919070436
10460690000,0,47,146.41593405307782,-34.46868490922643
10460690000,0,48,146.4162000630104,-34.468935919247855
10460690000,0,49,146.4180010825547,-34.470627909392874
10460690000,0,50,146.42096908180332,-34.47341890963187
10460690000,0,51,146.4213200616681,-34.474177909663055
10460690000,0,52,146.4223580508697,-34.48010591978016
10460690000,0,53,146.42267804074473,-34.48081291980866
10460690000,0,54,146.423637080371,-34.48292391989409
10460690000,0,55,146.42383805029255,-34.483367919912
10460690000,0,56,146.42520507993666,-34.484742910022725
10460690000,0,57,146.42629405965292,-34.485839930110934
10460690000,0,58,146.428124788782,-34.49132375028387
10460690000,0,59,146.42759265887278,-34.491229970243744
10460690000,0,60,146.42249728970936,-34.49063626986172
10460690000,0,61,146.4223042497331,-34.49068764984774
10460690000,0,62,146.4226382599347,-34.48835645985675
10460690000,0,63,146.4100051720269,-34.486715218908884
10460690000,0,64,146.40296249318655,-34.48586200838116
10460700000,0,0,146.3766951605924,-34.546751396847775
10460700000,0,1,146.37580806076264,-34.54642373677992
10460700000,0,2,146.37457400102673,-34.54571489668384
10460700000,0,3,146.37114858178558,-34.54350917641554
10460700000,0,4,146.37109062179857,-34.54347028641098
10460700000,0,5,146.37097758182443,-34.54338983640207
10460700000,0,6,146.37086888185004,-34.543305856393474
10460700000,0,7,146.37077851187198,-34.54322954638627
10460700000,0,8,146.37069175189376,-34.54314981637931
10460700000,0,9,146.37060784191536,-34.54306791637257
10460700000,0,10,146.37030332199447,-34.542763886347984
10460700000,0,11,146.37009917204824,-34.542553376331455
10460700000,0,12,146.36962255220553,-34.5417678662909
10460700000,0,13,146.3693161723399,-34.540954786262745
10460700000,0,14,146.36928055237016,-34.54072494625856
10460700000,0,15,146.36907750254318,-34.53940824623465
10460700000,0,16,146.3685018634222,-34.532079076142544
10460700000,0,17,146.36791074432136,-34.52458289604818
10460700000,0,18,146.36754067490196,-34.519724965987976
10460700000,0,19,146.36722815536993,-34.51582940593855
10460700000,0,20,146.36701434571398,-34.512942125903216
10460700000,0,21,146.3668303859509,-34.51100576587653
10460700000,0,22,146.36666262607898,-34.51005482585768
10460700000,0,23,146.3654587869737,-34.503455845724055
10460700000,0,24,146.36468334754372,-34.499262555638374
10460700000,0,25,146.36448752771196,-34.49797852561521
10460700000,0,26,146.36444718777742,-34.49742854560851
10460700000,0,27,146.36444861783403,-34.49690151560504
10460700000,0,28,146.3644079578847,-34.496489035599254
10460700000,0,29,146.36439499792493,-34.496133805595896
10460700000,0,30,146.3644378479691,-34.49566417559589
10460700000,0,31,146.3645911880039,-34.49512606560359
10460700000,0,32,146.365125068275,-34.49186204562099
10460700000,0,33,146.36598077867762,-34.48692609565088
10460700000,0,34,146.3666406589926,-34.48307822567367
10460700000,0,35,146.36719191924732,-34.47994138569321
10460700000,0,36,146.36851244903838,-34.480023355791424
10460700000,0,37,146.36871779912204,-34.4789585457994
10460700000,0,38,146.3705593387143,-34.48015137594367
10460700000,0,39,146.38226977678906,-34.48154518681955
10460700000,0,40,146.38376470654092,-34.48174485693156
10460700000,0,41,146.38676361605968,-34.481992307155224
10460700000,0,42,146.39217361516884,-34.48264935756024
10460700000,0,43,146.39560435459856,-34.483114857817455
10460700000,0,44,146.40133715365613,-34.48379639824676
10460700000,0,45,146.40154031363696,-34.4836888582611
10460700000,0,46,146.40182818354535,-34.48413283828541
10460700000,0,47,146.40296249318655,-34.48586200838116
10460700000,0,48,146.39958829204852,-34.50112475823439
10460700000,0,49,146.3997346920243,-34.50114332824536
10460700000,0,50,146.39738456199996,-34.50466657809509
10460700000,0,51,146.39275797198852,-34.51126631779704
10460700000,0,52,146.39216178197188,-34.512257307759576
10460700000,0,53,146.39159990165408,-34.515986877743195
10460700000,0,54,146.38960324081648,-34.52653988766666
10460700000,0,55,146.3885831403796,-34.53201383762813
10460700000,0,56,146.38837552031066,-34.53294317761903
10460700000,0,57,146.38833826025183,-34.5335396976203
10460700000,0,58,146.38841567011647,-34.53468288763376
10460700000,0,59,146.3883621600248,-34.535606277636035
10460700000,0,60,146.38818692994556,-34.53658506762968
10460700000,0,61,146.38789375989913,-34.537426287613656
10460700000,0,62,146.3872514298578,-34.53871097757477
10460700000,0,63,146.38647361949305,-34.54317759754736
10460700000,0,64,146.3864351094696,-34.54344834754634
10460700000,0,65,146.38609452929316,-34.545558757535396
10460700000,0,66,146.38546515903553,-34.54882559751087
10460700000,0,67,146.3851286988907,-34.5506376574982
10460700000,0,68,146.38509953886293,-34.55093551749805
10460700000,0,69,146.38450673896457,-34.550828707453455
10460700000,0,70,146.38415323903246,-34.550698017426384
10460700000,0,71,146.38374680911903,-34.55046826739476
10460700000,0,72,146.38366793913588,-34.55042369738863
10460700000,0,73,146.38236473942044,-34.54962340728675
10460700000,0,74,146.38110256970126,-34.54880010718777
10460700000,0,75,146.38011797991882,-34.548171267110654
10460700000,0,76,146.37923096010675,-34.547679687041686
10460700000,0,77,146.37880209019013,-34.54751122700882
10460700000,0,78,146.37832989028195,-34.54732570697261
10460700000,0,79,146.37701370053128,-34.546869056872154
10460700000,0,80,146.3766951605924,-34.546751396847775
10460710000,0,0,146.42168906402122,-34.54430692016462
10460710000,0,1,146.42167103403835,-34.54417392016239
10460710000,0,2,146.4217660440301,-34.54411692016905
10460710000,0,3,146.422843054499,-34.538278920209486
10460710000,0,4,146.4221910546564,-34.53773992015748
10460710000,0,5,146.4203020751618,-34.53572192000372
10460710000,0,6,146.42031104517898,-34.535550920003246
10460710000,0,7,146.42149784498469,-34.53568079009215
10460710000,0,8,146.4217980551583,-34.53365691010074
10460710000,0,9,146.42272406581222,-34.52632092011984
10460710000,0,10,146.4141064572385,-34.52522939947336
10460710000,0,11,146.4140840372374,-34.525270919471986
10460710000,0,12,146.41300174741812,-34.525118769390716
10460710000,0,13,146.41293899744412,-34.524966539385034
10460710000,0,14,146.41232846754426,-34.52489780933931
10460710000,0,15,146.4118670676216,-34.52482990930464
10460710000,0,16,146.4132964076528,-34.52253739939511
10460710000,0,17,146.41451276768663,-34.52051920947166
10460710000,0,18,146.4151391477234,-34.51930114950986
10460710000,0,19,146.4151700677413,-34.519092639510745
10460710000,0,20,146.41762494781082,-34.51500833966518
10460710000,0,21,146.41776480777733,-34.51512157967632
10460710000,0,22,146.42417621797497,-34.504310400078744
10460710000,0,23,146.42455530791975,-34.50428968010674
10460710000,0,24,146.4320626966783,-34.505240300670216
10460710000,0,25,146.43207733667612,-34.50523990067132
10460710000,0,26,146.4325006666195,-34.505169540702255
10460710000,0,27,146.4325960765655,-34.5055349107118
10460710000,0,28,146.43284106647164,-34.50605793073353
10460710000,0,29,146.43311502638596,-34.50646593075662
10460710000,0,30,146.4334200663034,-34.506800930781516
10460710000,0,31,146.4413700543346,-34.51384291141934
10460710000,0,32,146.44176706424003,-34.514159931450976
10460710000,0,33,146.4424540640659,-34.51480491150634
10460710000,0,34,146.44352205380764,-34.51569291159167
10460710000,0,35,146.4438710337314,-34.515907921619025
10460710000,0,36,146.44430005363793,-34.51616992165267
10460710000,0,37,146.4452310534454,-34.51664293172501
10460710000,0,38,146.44853905277137,-34.51823093198145
10460710000,0,39,146.4493810725999,-34.518633912046745
10460710000,0,40,146.4496560625466,-34.518740922067884
10460710000,0,41,146.4509070622913,-34.519344922164905
10460710000,0,42,146.4543550315879,-34.52100693243234
10460710000,0,43,146.45514905142642,-34.521384922493894
10460710000,0,44,146.4558660612593,-34.521922922550814
10460710000,0,45,146.45632406113597,-34.5224189225882
10460710000,0,46,146.4566740610221,-34.522978922617995
10460710000,0,47,146.45682703096244,-34.52331491263165
10460710000,0,48,146.45682703095008,-34.52342893263241
10460710000,0,49,146.45690306092067,-34.52359391263918
10460710000,0,50,146.4569030609083,-34.52370793263996
10460710000,0,51,146.4569458808922,-34.52379630264373
10460710000,0,52,146.45730806083628,-34.52380492267071
10460710000,0,53,146.45605608023428,-34.531104912627015
10460710000,0,54,146.45647805016455,-34.53115692265873
10460710000,0,55,146.45641305013547,-34.531515932656326
10460710000,0,56,146.45599406020472,-34.53146392262483
10460710000,0,57,146.4559210601725,-34.5318629126221
10460710000,0,58,146.4551760602007,-34.532644932572026
10460710000,0,59,146.45183306032226,-34.53620192234766
10460710000,0,60,146.45156585029295,-34.53684635233218
10460710000,0,61,146.4502456805247,-34.53655773223214
10460710000,0,62,146.4449697514,-34.535872401835604
10460710000,0,63,146.44472878143037,-34.53593001181809
10460710000,0,64,146.44423351141106,-34.5368015617872
10460710000,0,65,146.44274774151395,-34.537932731684506
10460710000,0,66,146.44166719153125,-34.53928641161342
10460710000,0,67,146.4409018315992,-34.5397314615596
10460710000,0,68,146.4264750532366,-34.544838920523276
10460710000,0,69,146.42611104327824,-34.544964930497116
10460710000,0,70,146.4251650334348,-34.544845920426134
10460710000,0,71,146.42168906402122,-34.54430692016462
10460720000,0,0,146.40296249318655,-34.48586200838116
10460720000,0,1,146.4100051720269,-34.486715218908884
10460720000,0,2,146.4226382599347,-34.48835645985675
10460720000,0,3,146.4223042497331,-34.49068764984774
10460720000,0,4,146.42249728970936,-34.49063626986172
10460720000,0,5,146.42759265887278,-34.491229970243744
10460720000,0,6,146.428124788782,-34.49132375028387
10460720000,0,7,146.42826304871627,-34.49173691029693
10460720000,0,8,146.4283880682929,-34.49547391033147
10460720000,0,9,146.42841605820004,-34.4962919303391
10460720000,0,10,146.42870506807,-34.497088920365925
10460720000,0,11,146.42908207795662,-34.4976079203974
10460720000,0,12,146.4296390677889,-34.49837691044395
10460720000,0,13,146.42963906778178,-34.49844292044438
10460720000,0,14,146.4307960774419,-34.499961920540535
10460720000,0,15,146.431009057365,-34.50037391055912
10460720000,0,16,146.43146705714983,-34.501719920602206
10460720000,0,17,146.431574077091,-34.50211291061282
10460720000,0,18,146.43162006707823,-34.50216692061658
10460720000,0,19,146.43209905682752,-34.50381092066326
10460720000,0,20,146.43245675664187,-34.505024700698016
10460720000,0,21,146.4325006666195,-34.505169540702255
10460720000,0,22,146.43207733667612,-34.50523990067132
10460720000,0,23,146.4320626966783,-34.505240300670216
10460720000,0,24,146.42455530791975,-34.50428968010674
10460720000,0,25,146.42417621797497,-34.504310400078744
10460720000,0,26,146.41776480777733,-34.51512157967632
10460720000,0,27,146.41762494781082,-34.51500833966518
10460720000,0,28,146.4151700677413,-34.519092639510745
10460720000,0,29,146.40421531955423,-34.517701218689304
10460720000,0,30,146.40252941984437,-34.51738451856224
10460720000,0,31,146.39159990165408,-34.515986877743195
10460720000,0,32,146.39216178197188,-34.512257307759576
10460720000,0,33,146.39275797198852,-34.51126631779704
10460720000,0,34,146.39738456199996,-34.50466657809509
10460720000,0,35,146.3997346920243,-34.50114332824536
10460720000,0,36,146.39958829204852,-34.50112475823439
10460720000,0,37,146.40296249318655,-34.48586200838116
10460730000,0,0,146.45110722825973,-34.55622421242905
10460730000,0,1,146.4511070382426,-34.556381922430106
10460730000,0,2,146.4509390282317,-34.556717922419885
10460730000,0,3,146.4503330581999,-34.55785893238258
10460730000,0,4,146.4475380380545,-34.563111932210425
10460730000,0,5,146.44703403810766,-34.56332792217445
10460730000,0,6,146.4413730387057,-34.56574592177035
10460730000,0,7,146.43881102897635,-34.5668409215875
10460730000,0,8,146.43816702904067,-34.56714992154178
10460730000,0,9,146.43680903916356,-34.56791991144616
10460730000,0,10,146.43465404935841,-34.56914393129445
10460730000,0,11,146.4315890696359,-34.570881931078695
10460730000,0,12,146.43089403968216,-34.5714299210308
10460730000,0,13,146.42879166975706,-34.57368664089003
10460730000,0,14,146.4280177598925,-34.57352291083149
10460730000,0,15,146.41667995177477,-34.5720643399806
10460730000,0,16,146.41675770177156,-34.571984549985835
10460730000,0,17,146.41805793235838,-34.564745810033386
10460730000,0,18,146.41818780241368,-34.56405315003833
10460730000,0,19,146.4182417924252,-34.5638713900411
10460730000,0,20,146.41954403221055,-34.56402492013873
10460730000,0,21,146.41995323214317,-34.56407273016941
10460730000,0,22,146.41997685211746,-34.564277040172534
10460730000,0,23,146.42083832177235,-34.566252930249775
10460730000,0,24,146.42128275155008,-34.56767971029237
10460730000,0,25,146.42209235130133,-34.56883921036026
10460730000,0,26,146.42279042111912,-34.56954094041679
10460730000,0,27,146.42305847107312,-34.56958943043699
10460730000,0,28,146.42325904102285,-34.569771690453095
10460730000,0,29,146.4239373208919,-34.57002847050515
10460730000,0,30,146.42440386082308,-34.570008470539626
10460730000,0,31,146.42547477065784,-34.570031020619226
10460730000,0,32,146.42579327063535,-34.569791590641245
10460730000,0,33,146.42746519038448,-34.5697613307651
10460730000,0,34,146.42760440037023,-34.56969735077499
10460730000,0,35,146.42778895054738,-34.567805010775906
10460730000,0,36,146.4273624409176,-34.564988600725236
10460730000,0,37,146.42711797102282,-34.56436047070286
10460730000,0,38,146.42722597103028,-34.56414036070938
10460730000,0,39,146.43457411018423,-34.56164292123785
10460730000,0,40,146.43187735119943,-34.55606067099998
10460730000,0,41,146.42875901156256,-34.557081820775466
10460730000,0,42,146.42857023160465,-34.55695837076061
10460730000,0,43,146.42587507259688,-34.55158291052432
10460730000,0,44,146.4239650629224,-34.55125692038042
10460730000,0,45,146.42400506293146,-34.55111692038244
10460730000,0,46,146.4251650334348,-34.544845920426134
10460730000,0,47,146.42611104327824,-34.544964930497116
10460730000,0,48,146.4264750532366,-34.544838920523276
10460730000,0,49,146.4409018315992,-34.5397314615596
10460730000,0,50,146.44166719153125,-34.53928641161342
10460730000,0,51,146.44274774151395,-34.537932731684506
10460730000,0,52,146.44423351141106,-34.5368015617872
10460730000,0,53,146.44472878143037,-34.53593001181809
10460730000,0,54,146.4449697514,-34.535872401835604
10460730000,0,55,146.4502456805247,-34.53655773223214
10460730000,0,56,146.45156585029295,-34.53684635233218
10460730000,0,57,146.4512260302556,-34.53766592231246
10460730000,0,58,146.45122603017913,-34.53837092231723
10460730000,0,59,146.4511250697205,-34.542738912339246
10460730000,0,60,146.45110722825973,-34.55622421242905
10460740000,0,0,146.4119959825995,-34.5710262296263
10460740000,0,1,146.41226991248448,-34.57170337965118
10460740000,0,2,146.41282865241467,-34.57156335969165
10460740000,0,3,146.413465142309,-34.5716456097394
10460740000,0,4,146.41667995177477,-34.5720643399806
10460740000,0,5,146.4280177598925,-34.57352291083149
10460740000,0,6,146.42879166975706,-34.57368664089003
10460740000,0,7,146.42845002976915,-34.574053920867165
10460740000,0,8,146.4279910497857,-34.57454493083642
10460740000,0,9,146.42638007984297,-34.57627592072858
10460740000,0,10,146.42635102984264,-34.57631993072671
10460740000,0,11,146.425409069827,-34.577784930666716
10460740000,0,12,146.42360304964404,-34.58200492056122
10460740000,0,13,146.42318702960173,-34.58297891053694
10460740000,0,14,146.42296006947407,-34.58447392053018
10460740000,0,15,146.4231220492451,-34.586357920554924
10460740000,0,16,146.42223703937847,-34.58636992048935
10460740000,0,17,146.41509906056194,-34.5854709199539
10460740000,0,18,146.41455507065092,-34.58541391991317
10460740000,0,19,146.4143030305405,-34.586785909903746
10460740000,0,20,146.41435705053135,-34.58679491990781
10460740000,0,21,146.41383405030209,-34.58964392988827
10460740000,0,22,146.4138910602778,-34.58978792989347
10460740000,0,23,146.41349306010255,-34.59196291987863
10460740000,0,24,146.4106890605654,-34.5916299196685
10460740000,0,25,146.40792506102378,-34.59128191946126
10460740000,0,26,146.40427805162906,-34.590817919187835
10460740000,0,27,146.40386896197734,-34.58817807913971
10460740000,0,28,146.4037577520713,-34.58746743912667
10460740000,0,29,146.40356189218173,-34.58672312910711
10460740000,0,30,146.40329693229523,-34.58604766908294
10460740000,0,31,146.4030740723775,-34.58560128906341
10460740000,0,32,146.4025736925392,-34.58481160902099
10460740000,0,33,146.40183679276288,-34.58378175895944
10460740000,0,34,146.40057173315242,-34.58196222885342
10460740000,0,35,146.39993240333894,-34.58113835880048
10460740000,0,36,146.3995849634364,-34.580726518771975
10460740000,0,37,146.3993211035038,-34.58047487875072
10460740000,0,38,146.3980438238257,-34.579296878648144
10460740000,0,39,146.39587805437435,-34.577272328474045
10460740000,0,40,146.3952808045383,-34.57659731842526
10460740000,0,41,146.3949607746502,-34.57601349839759
10460740000,0,42,146.39483477473135,-34.5754408983844
10460740000,0,43,146.39465227486204,-34.57449032836447
10460740000,0,44,146.3940831352658,-34.57155981830253
10460740000,0,45,146.39900359455484,-34.57121512866468
10460740000,0,46,146.40300304397707,-34.57093390895913
10460740000,0,47,146.4036641238816,-34.57088673900779
10460740000,0,48,146.4050356136841,-34.570784709108736
10460740000,0,49,146.4059562136386,-34.56991241917106
10460740000,0,50,146.40736782331288,-34.57093756928262
10460740000,0,51,146.40872897301884,-34.57174145938893
10460740000,0,52,146.40883015299883,-34.571783929396716
10460740000,0,53,146.4089255329813,-34.57181175940398
10460740000,0,54,146.4090241529644,-34.57182947941141
10460740000,0,55,146.4091350429467,-34.57183730941968
10460740000,0,56,146.40923983293118,-34.57183308942742
10460740000,0,57,146.40933772291785,-34.57181894943459
10460740000,0,58,146.41051422277476,-34.571488379519565
10460740000,0,59,146.4119959825995,-34.5710262296263
10460750000,0,0,146.38766285823326,-34.55315590770282
10460750000,0,1,146.38898189801574,-34.55331341780154
10460750000,0,2,146.39015369782177,-34.5534602178893
10460750000,0,3,146.39137158761943,-34.553619687980564
10460750000,0,4,146.39120704754254,-34.55456144797475
10460750000,0,5,146.391197707537,-34.55462578797449
10460750000,0,6,146.3901421977113,-34.55449773789547
10460750000,0,7,146.38950030781754,-34.554417447847385
10460750000,0,8,146.38753704813988,-34.55419592770053
10460750000,0,9,146.38739604815882,-34.55421891769025
10460750000,0,10,146.38650405841372,-34.55311591761676
10460750000,0,11,146.38671706838963,-34.553038917632
10460750000,0,12,146.38766285823326,-34.55315590770282
10460780000,0,0,146.3766951605924,-34.546751396847775
10460780000,0,1,146.37701370053128,-34.546869056872154
10460780000,0,2,146.37832989028195,-34.54732570697261
10460780000,0,3,146.37880209019013,-34.54751122700882
10460780000,0,4,146.378306490209,-34.54803338697567
10460780000,0,5,146.37753105035847,-34.54774092691632
10460780000,0,6,146.37735807038572,-34.54773191690346
10460780000,0,7,146.37693606044434,-34.54778291687257
10460780000,0,8,146.3761100605545,-34.54792492681242
10460780000,0,9,146.3743690507873,-34.54821892668559
10460780000,0,10,146.3744380707365,-34.548591926693206
10460780000,0,11,146.37444205067527,-34.54915291669729
10460780000,0,12,146.37441008056243,-34.550241916702284
10460780000,0,13,146.3734740707082,-34.55020991663282
10460780000,0,14,146.3733570507297,-34.55017491662393
10460780000,0,15,146.3733080707441,-34.550110916619865
10460780000,0,16,146.37330405077591,-34.549821916617624
10460780000,0,17,146.37334880083483,-34.54921390661683
10460780000,0,18,146.3733651209139,-34.548459536612945
10460780000,0,19,146.37323208093827,-34.54842090660283
10460780000,0,20,146.37308206101022,-34.547965916588666
10460780000,0,21,146.37386188090338,-34.547858026645635
10460780000,0,22,146.3763338805738,-34.54743178682564
10460780000,0,23,146.3766951605924,-34.546751396847775
10460790000,0,0,146.41011243500057,-34.551503069354816
10460790000,0,1,146.41017185498984,-34.55151873935932
10460790000,0,2,146.41074425489603,-34.55158163940217
10460790000,0,3,146.41068486488115,-34.55180250939925
10460790000,0,4,146.4104740448474,-34.55240991938772
10460790000,0,5,146.41048605475106,-34.55328291939451
10460790000,0,6,146.4105095547056,-34.55366919939887
10460790000,0,7,146.4105134946889,-34.55381831940017
10460790000,0,8,146.41141745455283,-34.5538060794671
10460790000,0,9,146.41142359450208,-34.554266079470665
10460790000,0,10,146.41128642443152,-34.55510998946618
10460790000,0,11,146.41119499439125,-34.555610209462806
10460790000,0,12,146.41049911446896,-34.55586887941298
10460790000,0,13,146.41048616447208,-34.55585870941193
10460790000,0,14,146.409340604759,-34.55481668931996
10460790000,0,15,146.40931900476423,-34.554798789318255
10460790000,0,16,146.40907456482566,-34.55457448929863
10460790000,0,17,146.4092815848108,-34.55442140931292
10460790000,0,18,146.40971933478042,-34.55408777934312
10460790000,0,19,146.40932407487938,-34.5537283193114
10460790000,0,20,146.40892301497928,-34.553368329279245
10460790000,0,21,146.40905225497045,-34.55326886928815
10460790000,0,22,146.40914223496495,-34.553193359294305
10460790000,0,23,146.409337394956,-34.55300219930748
10460790000,0,24,146.40942846495298,-34.55290219931354
10460790000,0,25,146.40951485495097,-34.552799439319266
10460790000,0,26,146.40959658494995,-34.55269412932461
10460790000,0,27,146.40967359494988,-34.552586669329585
10460790000,0,28,146.40974561495088,-34.55247668933418
10460790000,0,29,146.4097960149519,-34.5523964093374
10460790000,0,30,146.4098845649558,-34.55223612934286
10460790000,0,31,146.4099601549621,-34.55207141934735
10460790000,0,32,146.40999293496628,-34.55198726934921
10460790000,0,33,146.41003326497332,-34.55186584935139
10460790000,0,34,146.41007177498307,-34.551721679353264
10460790000,0,35,146.41009159498995,-34.55163023935411
10460790000,0,36,146.41011243500057,-34.551503069354816
10460810000,0,0,146.39350077588747,-34.56663471822614
10460810000,0,1,146.392921746299,-34.56364524816308
10460810000,0,2,146.3933346662423,-34.56358907819329
10460810000,0,3,146.3933692362371,-34.56358853819584
10460810000,0,4,146.3934084662305,-34.56359466819879
10460810000,0,5,146.3934502262229,-34.563606358201945
10460810000,0,6,146.39349449621443,-34.563622468205345
10460810000,0,7,146.39353913620556,-34.563641548208786
10460810000,0,8,146.39362520618775,-34.56368520821544
10460810000,0,9,146.39369970617187,-34.563727148221254
10460810000,0,10,146.39552992577563,-34.56481712836416
10460810000,0,11,146.3943649558083,-34.56615182828688
10460810000,0,12,146.39431494581376,-34.56617161828332
10460810000,0,13,146.39419325583464,-34.56615019827416
10460810000,0,14,146.39410824584257,-34.56619611826819
10460810000,0,15,146.39370795586936,-34.566510558240644
10460810000,0,16,146.39350077588747,-34.56663471822614
10460820000,0,0,146.39353913620556,-34.563641548208786
10460820000,0,1,146.3935650562554,-34.56314439820734
10460820000,0,2,146.39360680626953,-34.562955468209154
10460820000,0,3,146.39367630627743,-34.562784918213154
10460820000,0,4,146.393711606279,-34.562720488215334
10460820000,0,5,146.39375656627945,-34.5626529982182
10460820000,0,6,146.39387358627837,-34.56249862822584
10460820000,0,7,146.39463676611325,-34.56295241828541
10460820000,0,8,146.39476097608602,-34.563029458295134
10460820000,0,9,146.39473327608653,-34.56306393829332
10460820000,0,10,146.39470086608608,-34.56311369829126
10460820000,0,11,146.39467600608415,-34.56316625828978
10460820000,0,12,146.39466344608212,-34.56320244828908
10460820000,0,13,146.39465439607952,-34.56323933828866
10460820000,0,14,146.39464720607455,-34.56329540828849
10460820000,0,15,146.3946479360683,-34.56335192828894
10460820000,0,16,146.39465260606357,-34.56338936828954
10460820000,0,17,146.39466592605555,-34.5634446282909
10460820000,0,18,146.3946792860496,-34.56348062829214
10460820000,0,19,146.39469582604332,-34.563515728293595
10460820000,0,20,146.39472677603317,-34.56356611829622
10460820000,0,21,146.39476422602237,-34.563613198299315
10460820000,0,22,146.39479302601484,-34.56364244830164
10460820000,0,23,146.3948405460032,-34.563682858305455
10460820000,0,24,146.3948927459915,-34.56371777830954
10460820000,0,25,146.39493161598327,-34.563739118312576
10460820000,0,26,146.39499176597127,-34.56376565831721
10460820000,0,27,146.39503385596333,-34.56378014832042
10460820000,0,28,146.3950990059516,-34.56379670832535
10460820000,0,29,146.39516634594025,-34.563806968330404
10460820000,0,30,146.39521167593304,-34.5638102083338
10460820000,0,31,146.3952797559227,-34.56380976833883
10460820000,0,32,146.3953474259132,-34.563802738343796
10460820000,0,33,146.39541366590458,-34.56378941834861
10460820000,0,34,146.3954568858993,-34.56377709835173
10460820000,0,35,146.39551878589248,-34.56375350835615
10460820000,0,36,146.39555802588853,-34.563734618358936
10460820000,0,37,146.3956134358837,-34.56370175836282
10460820000,0,38,146.3956479958811,-34.56367700836521
10460820000,0,39,146.3956948258784,-34.56363597836841
10460820000,0,40,146.3957279358773,-34.56359997837062
10460820000,0,41,146.39683351563787,-34.56425903845694
10460820000,0,42,146.39710350558013,-34.564412938478
10460820000,0,43,146.39658619558932,-34.56505462844402
10460820000,0,44,146.39636332559547,-34.56531112842923
10460820000,0,45,146.39593704568773,-34.56505791839594
10460820000,0,46,146.39552992577563,-34.56481712836416
10460820000,0,47,146.39369970617187,-34.563727148221254
10460820000,0,48,146.39362520618775,-34.56368520821544
10460820000,0,49,146.39353913620556,-34.563641548208786
10460830000,0,0,146.40224427625614,-34.550948678767924
10460830000,0,1,146.40106492643466,-34.55095533868058
10460830000,0,2,146.40075354648215,-34.55095370865751
10460830000,0,3,146.40089611649123,-34.55066958866615
10460830000,0,4,146.40129750649416,-34.55007898869189
10460830000,0,5,146.4022777465064,-34.548589498754474
10460830000,0,6,146.40262661651033,-34.54806380877676
10460830000,0,7,146.40370004629557,-34.548540918859516
10460830000,0,8,146.40337004628756,-34.549077918838705
10460830000,0,9,146.40315327628582,-34.5493984088248
10460830000,0,10,146.40298949628874,-34.54960172881404
10460830000,0,11,146.4027569262969,-34.5498528287985
10460830000,0,12,146.40222792632,-34.55038183876289
10460830000,0,13,146.40224216628516,-34.55068343876598
10460830000,0,14,146.40224427625614,-34.550948678767924
10460840000,0,0,146.40459294609144,-34.54917332892997
10460840000,0,1,146.4046246260828,-34.549208508932566
10460840000,0,2,146.40464875607597,-34.54923821893455
10460840000,0,3,146.40471423605592,-34.54933118894002
10460840000,0,4,146.40478409603344,-34.54944062894595
10460840000,0,5,146.40485176601024,-34.54956022895176
10460840000,0,6,146.40497309594915,-34.54995451896342
10460840000,0,7,146.40504152590765,-34.550241458970426
10460840000,0,8,146.40505806589897,-34.550298508972034
10460840000,0,9,146.4050804058887,-34.55036222897413
10460840000,0,10,146.4051009158806,-34.55040802897596
10460840000,0,11,146.4051178158745,-34.550440798977434
10460840000,0,12,146.40513942586796,-34.550470858979246
10460840000,0,13,146.40516245586215,-34.55049227898109
10460840000,0,14,146.4051297158691,-34.55047364897853
10460840000,0,15,146.40508540587822,-34.5504518789751
10460840000,0,16,146.40503682588775,-34.550431898971375
10460840000,0,17,146.4049918158963,-34.550416318967926
10460840000,0,18,146.40495655590277,-34.55040604896525
10460840000,0,19,146.40489498591361,-34.55039219896058
10460840000,0,20,146.40482154592632,-34.55037798895504
10460840000,0,21,146.40477471593408,-34.55037202895154
10460840000,0,22,146.40472974594113,-34.55037004894819
10460840000,0,23,146.4037856760844,-34.55037167887823
10460840000,0,24,146.40265256625523,-34.55038418879436
10460840000,0,25,146.40222792632,-34.55038183876289
10460840000,0,26,146.4027569262969,-34.5498528287985
10460840000,0,27,146.40298949628874,-34.54960172881404
10460840000,0,28,146.40315327628582,-34.5493984088248
10460840000,0,29,146.40337004628756,-34.549077918838705
10460840000,0,30,146.40370004629557,-34.548540918859516
10460840000,0,31,146.403898866255,-34.54863674887491
10460840000,0,32,146.4039442262456,-34.548659778878424
10460840000,0,33,146.4039877762363,-34.54868443888182
10460840000,0,34,146.40412567620535,-34.54877695889267
10460840000,0,35,146.40425130617604,-34.54887147890261
10460840000,0,36,146.40435711615063,-34.548957868911046
10460840000,0,37,146.40452311610932,-34.54910618892434
10460840000,0,38,146.40459294609144,-34.54917332892997
10460850000,0,0,146.40570006526772,-34.555227909052924
10460850000,0,1,146.40572305532692,-34.55464891905071
10460850000,0,2,146.40572707533204,-34.554595919050655
10460850000,0,3,146.40463758550115,-34.55456342896969
10460850000,0,4,146.4045554955191,-34.554513128963265
10460850000,0,5,146.4044647955383,-34.55446280895621
10460850000,0,6,146.40491980552562,-34.5539414389864
10460850000,0,7,146.40546810550998,-34.55331621902281
10460850000,0,8,146.40593103549747,-34.55278196905352
10460850000,0,9,146.40641528537626,-34.55322171909237
10460850000,0,10,146.4065430253449,-34.55333213910259
10460850000,0,11,146.40702906522262,-34.553779179141635
10460850000,0,12,146.40712732519847,-34.55386449914948
10460850000,0,13,146.40722021517476,-34.553953059156974
10460850000,0,14,146.40763025507218,-34.55432473918987
10460850000,0,15,146.40814829494238,-34.55479617923145
10460850000,0,16,146.40750027498814,-34.55528361918672
10460850000,0,17,146.40594833522906,-34.55523699907138
10460850000,0,18,146.40570006526772,-34.555227909052924
10460860000,0,0,146.4150960351115,-34.54348691967013
10460860000,0,1,146.41259969552823,-34.54314054948269
10460860000,0,2,146.41256118550956,-34.543366339481366
10460860000,0,3,146.41288267540438,-34.54388716950872
10460860000,0,4,146.4130586853475,-34.544165469523655
10460860000,0,5,146.41165324549647,-34.544761349423474
10460860000,0,6,146.41159061550977,-34.54472632941859
10460860000,0,7,146.41153013552415,-34.5446785494138
10460860000,0,8,146.4108868257049,-34.54391192936093
10460860000,0,9,146.4099374958815,-34.543612219288526
10460860000,0,10,146.409334146006,-34.543308839241746
10460860000,0,11,146.40840281614695,-34.54331387917275
10460860000,0,12,146.4082987861644,-34.54329857916494
10460860000,0,13,146.40841650621928,-34.542626379169114
10460860000,0,14,146.4064947765379,-34.542379829025016
10460860000,0,15,146.4066238065694,-34.541907819031394
10460860000,0,16,146.40692084663144,-34.54091778904671
10460860000,0,17,146.40734807670418,-34.53964578906979
10460860000,0,18,146.41003104626046,-34.539980919270924
10460860000,0,19,146.41562203533493,-34.54068590969022
10460860000,0,20,146.4150960351115,-34.54348691967013
10460870000,0,0,146.4185618945397,-34.543905949929965
10460870000,0,1,146.41830814441553,-34.5454078399213
10460870000,0,2,146.41848707434687,-34.54579090993717
10460870000,0,3,146.4179910743636,-34.546331929904035
10460870000,0,4,146.4177850642336,-34.547820919898825
10460870000,0,5,146.41756405415796,-34.54882892988924
10460870000,0,6,146.41726505403443,-34.55038891987761
10460870000,0,7,146.41549264432447,-34.55019744974488
10460870000,0,8,146.41434245451555,-34.55004650965857
10460870000,0,9,146.4140530545549,-34.55008892963739
10460870000,0,10,146.41392592458573,-34.54998304962726
10460870000,0,11,146.41421605472567,-34.54828391963728
10460870000,0,12,146.41475907496863,-34.54527892965725
10460870000,0,13,146.41390000511277,-34.545152659592695
10460870000,0,14,146.41366315515208,-34.54512215957493
10460870000,0,15,146.4130586853475,-34.544165469523655
10460870000,0,16,146.41288267540438,-34.54388716950872
10460870000,0,17,146.41256118550956,-34.543366339481366
10460870000,0,18,146.41259969552823,-34.54314054948269
10460870000,0,19,146.4150960351115,-34.54348691967013
10460870000,0,20,146.41590414497847,-34.543581899730704
10460870000,0,21,146.4185618945397,-34.543905949929965
10460881000,0,0,146.39483280648892,-34.55920566827463
10460881000,0,1,146.39338540655484,-34.56062987817705
10460881000,0,2,146.39327057655922,-34.56075074816936
10460881000,0,3,146.39324213656155,-34.56076937816737
10460881000,0,4,146.39320074656618,-34.56078467816442
10460881000,0,5,146.39314961657266,-34.56079655816071
10460881000,0,6,146.39301642659098,-34.56081437815098
10460881000,0,7,146.3928108566192,-34.56084236813594
10460881000,0,8,146.39239073667738,-34.560894478105176
10460881000,0,9,146.3923554767017,-34.56071933810138
10460881000,0,10,146.3923187267317,-34.560493878097134
10460881000,0,11,146.39230072673925,-34.560449608095496
10460881000,0,12,146.39194518684144,-34.56000462806616
10460881000,0,13,146.3920410668488,-34.5598019280719
10460881000,0,14,146.39246906683164,-34.55935892810061
10460881000,0,15,146.39234004686037,-34.55927491809048
10460881000,0,16,146.39627506670234,-34.555207908354454
10460881000,0,17,146.396412056705,-34.55499092836315
10460881000,0,18,146.39659159669014,-34.554876258375664
10460881000,0,19,146.3968710466293,-34.555045928397504
10460881000,0,20,146.39816839634676,-34.55583443849894
10460881000,0,21,146.39772203636676,-34.556276468468866
10460881000,0,22,146.39714530639017,-34.55687030843016
10460881000,0,23,146.39584404645183,-34.55812791834226
10460881000,0,24,146.3948466764883,-34.55919203827557
10460881000,0,25,146.39483280648892,-34.55920566827463
10460882000,0,0,146.38610306853064,-34.55259791758357
10460882000,0,1,146.38532904875188,-34.5516399075198
10460882000,0,2,146.3852170687831,-34.55150890751063
10460882000,0,3,146.38509796882727,-34.551267747500184
10460882000,0,4,146.38509953886293,-34.55093551749805
10460882000,0,5,146.38682072857563,-34.55117333762709
10460882000,0,6,146.38803785837285,-34.55133813771832
10460882000,0,7,146.38766285823326,-34.55315590770282
10460882000,0,8,146.38671706838963,-34.553038917632
10460882000,0,9,146.38650405841372,-34.55311591761676
10460882000,0,10,146.38610306853064,-34.55259791758357
10460883000,0,0,146.39217079728854,-34.555555328052826
10460883000,0,1,146.39221360728698,-34.55550977805569
10460883000,0,2,146.39271307727074,-34.55495791808895
10460883000,0,3,146.39296024735805,-34.55380383809947
10460883000,0,4,146.39494880702625,-34.554077208248586
10460883000,0,5,146.39519554698663,-34.55409687826698
10460883000,0,6,146.39516386698736,-34.55413466826491
10460883000,0,7,146.39312982707193,-34.55620988812827
10460883000,0,8,146.39238749723916,-34.5557074080699
10460883000,0,9,146.39217079728854,-34.555555328052826
10460884000,0,0,146.38803785837285,-34.55133813771832
10460884000,0,1,146.38901536821,-34.551470487791576
10460884000,0,2,146.39006806803516,-34.55160792787045
10460884000,0,3,146.3918687577297,-34.55190184800578
10460884000,0,4,146.39204004770127,-34.5519239180186
10460884000,0,5,146.39335087748367,-34.552094458116855
10460884000,0,6,146.39422351732136,-34.552368238183334
10460884000,0,7,146.39495935716755,-34.55275649824045
10460884000,0,8,146.39572614700185,-34.553211008300316
10460884000,0,9,146.39584736697208,-34.55331584831
10460884000,0,10,146.39581586696966,-34.55338255830812
10460884000,0,11,146.39519554698663,-34.55409687826698
10460884000,0,12,146.39494880702625,-34.554077208248586
10460884000,0,13,146.39296024735805,-34.55380383809947
10460884000,0,14,146.39265175740903,-34.55376629807636
10460884000,0,15,146.39137158761943,-34.553619687980564
10460884000,0,16,146.39015369782177,-34.5534602178893
10460884000,0,17,146.38898189801574,-34.55331341780154
10460884000,0,18,146.38766285823326,-34.55315590770282
10460884000,0,19,146.38803785837285,-34.55133813771832
10460885000,0,0,146.39082704716765,-34.558560927973616
10460885000,0,1,146.39312982707193,-34.55620988812827
10460885000,0,2,146.39516386698736,-34.55413466826491
10460885000,0,3,146.39521675697773,-34.554149438268915
10460885000,0,4,146.39531610695906,-34.55418236827651
10460885000,0,5,146.3954140369402,-34.554219178284015
10460885000,0,6,146.39550977692136,-34.55425885829137
10460885000,0,7,146.3956044569025,-34.55430026829865
10460885000,0,8,146.39567862688742,-34.554335198304386
10460885000,0,9,146.39575206687232,-34.55437198831008
10460885000,0,10,146.39589568684207,-34.55444948832124
10460885000,0,11,146.3960954867995,-34.55456198833679
10460885000,0,12,146.39622258677207,-34.55463731834672
10460885000,0,13,146.39634784674462,-34.55471490835653
10460885000,0,14,146.39647928671542,-34.55480022836684
10460885000,0,15,146.39659159669014,-34.554876258375664
10460885000,0,16,146.396412056705,-34.55499092836315
10460885000,0,17,146.39627506670234,-34.555207908354454
10460885000,0,18,146.39234004686037,-34.55927491809048
10460885000,0,19,146.39246906683164,-34.55935892810061
10460885000,0,20,146.3920410668488,-34.5598019280719
10460885000,0,21,146.39194518684144,-34.56000462806616
10460885000,0,22,146.39082704716765,-34.558560927973616
10460890000,0,0,146.3968710466293,-34.555045928397504
10460890000,0,1,146.39735806657288,-34.554882918432504
10460890000,0,2,146.3984380563514,-34.5554129085161
10460890000,0,3,146.40026904595544,-34.55649991865906
10460890000,0,4,146.4004867359058,-34.556652998676235
10460890000,0,5,146.4003388359109,-34.55681369866636
10460890000,0,6,146.40031974591204,-34.55682971866505
10460890000,0,7,146.4002772559154,-34.5568585186621
10460890000,0,8,146.40023046592,-34.556881478658795
10460890000,0,9,146.40019374592416,-34.55689496865615
10460890000,0,10,146.40015520592897,-34.55690459865336
10460890000,0,11,146.40013578593164,-34.55690711865195
10460890000,0,12,146.40011096593543,-34.55690711865011
10460890000,0,13,146.4000857459396,-34.55690406864821
10460890000,0,14,146.40006015594403,-34.5568989286463
10460890000,0,15,146.3999795259584,-34.55687940864017
10460890000,0,16,146.39991944596946,-34.55686140863561
10460890000,0,17,146.3998301659866,-34.556828738628774
10460890000,0,18,146.39976282598838,-34.556906768624316
10460890000,0,19,146.39971599599025,-34.55695536862117
10460890000,0,20,146.39965880599348,-34.557005948617274
10460890000,0,21,146.3995856959986,-34.55706092861223
10460890000,0,22,146.3995291860033,-34.557097208608276
10460890000,0,23,146.3995003960058,-34.557114118606265
10460890000,0,24,146.39908421604403,-34.557345418577
10460890000,0,25,146.39899099605213,-34.55740139857048
10460890000,0,26,146.39897439605343,-34.55741309856932
10460890000,0,27,146.39877137606723,-34.55757022855534
10460890000,0,28,146.39875663606796,-34.55758473855435
10460890000,0,29,146.3986954260684,-34.55766617855036
10460890000,0,30,146.39868603606774,-34.557685618549804
10460890000,0,31,146.39864716606738,-34.557743488547324
10460890000,0,32,146.39863023606608,-34.55777929854631
10460890000,0,33,146.39861479606162,-34.55784177854557
10460890000,0,34,146.3986183660558,-34.55789063854616
10460890000,0,35,146.39861296605366,-34.557918368545955
10460890000,0,36,146.39852109607412,-34.557858388538754
10460890000,0,37,146.39738284632023,-34.557183228449865
10460890000,0,38,146.39714530639017,-34.55687030843016
10460890000,0,39,146.39772203636676,-34.556276468468866
10460890000,0,40,146.39816839634676,-34.55583443849894
10460890000,0,41,146.3968710466293,-34.555045928397504
10460900000,0,0,146.40406121545996,-34.55575314893502
10460900000,0,1,146.40360332547274,-34.55627783890463
10460900000,0,2,146.4035712754721,-34.55632841890259
10460900000,0,3,146.40344907546748,-34.556542928894984
10460900000,0,4,146.40337775546442,-34.55667136889057
10460900000,0,5,146.40353707536968,-34.55732292890677
10460900000,0,6,146.40455659524008,-34.557088638980744
10460900000,0,7,146.4047808851311,-34.55778064900204
10460900000,0,8,146.40381279525496,-34.55799539893175
10460900000,0,9,146.4028008653849,-34.55821562885824
10460900000,0,10,146.4026001154072,-34.5582918088439
10460900000,0,11,146.40237516543914,-34.55831226882736
10460900000,0,12,146.40227256545202,-34.55833760881993
10460900000,0,13,146.40225581546596,-34.558232108817975
10460900000,0,14,146.40221190549278,-34.55804641881347
10460900000,0,15,146.4021560955211,-34.5578630188081
10460900000,0,16,146.4020920055503,-34.55768335880212
10460900000,0,17,146.4020203855805,-34.55750453879562
10460900000,0,18,146.40193975561206,-34.55732634878844
10460900000,0,19,146.40184759564497,-34.55715190878043
10460900000,0,20,146.40174247567907,-34.55698451877151
10460900000,0,21,146.4016218857144,-34.556827288761525
10460900000,0,22,146.40149694574816,-34.55669075875134
10460900000,0,23,146.40142124576744,-34.55661905874524
10460900000,0,24,146.40186905574097,-34.55623482877583
10460900000,0,25,146.40287930571273,-34.555077298842875
10460900000,0,26,146.40347480558415,-34.55542922888937
10460900000,0,27,146.4039261954867,-34.55569590892461
10460900000,0,28,146.40399390547287,-34.55572838892986
10460900000,0,29,146.40406121545996,-34.55575314893502
10460910000,0,0,146.40142124576744,-34.55661905874524
10460910000,0,1,146.40135867578337,-34.556559798740196
10460910000,0,2,146.4012096858194,-34.55643623872833
10460910000,0,3,146.40105196585577,-34.55632157871586
10460910000,0,4,146.40088746589203,-34.55621762870298
10460910000,0,5,146.4011729358782,-34.55594456872229
10460910000,0,6,146.4013141158728,-34.55579617873173
10460910000,0,7,146.40112471591533,-34.55566935871685
10460910000,0,8,146.4009961659437,-34.55558789870678
10460910000,0,9,146.39988305618445,-34.55492648861984
10460910000,0,10,146.39965840623321,-34.55479103860229
10460910000,0,11,146.40016279621966,-34.55420818863572
10460910000,0,12,146.40041982621273,-34.55391146865276
10460910000,0,13,146.40078989620034,-34.55350646867744
10460910000,0,14,146.40080862615946,-34.55385764868119
10460910000,0,15,146.401660025976,-34.55435705874766
10460910000,0,16,146.40287930571273,-34.555077298842875
10460910000,0,17,146.40186905574097,-34.55623482877583
10460910000,0,18,146.40142124576744,-34.55661905874524
10460920000,0,0,146.40406121545996,-34.55575314893502
10460920000,0,1,146.4041339254469,-34.55577167894052
10460920000,0,2,146.40414797544383,-34.55578022894162
10460920000,0,3,146.40420341543387,-34.55579461894583
10460920000,0,4,146.40422896542984,-34.55579552894772
10460920000,0,5,146.40427433542143,-34.55580975895119
10460920000,0,6,146.40435175540867,-34.55581892895699
10460920000,0,7,146.40501484530574,-34.55583899900626
10460920000,0,8,146.40506777528154,-34.55598812901119
10460920000,0,9,146.40537415513515,-34.55691009904013
10460920000,0,10,146.40455659524008,-34.557088638980744
10460920000,0,11,146.40353707536968,-34.55732292890677
10460920000,0,12,146.40337775546442,-34.55667136889057
10460920000,0,13,146.40344907546748,-34.556542928894984
10460920000,0,14,146.4035712754721,-34.55632841890259
10460920000,0,15,146.40360332547274,-34.55627783890463
10460920000,0,16,146.40406121545996,-34.55575314893502
10460930000,0,0,146.40819903471152,-34.55685716924915
10460930000,0,1,146.4074711547872,-34.557179999197366
10460930000,0,2,146.40703552484217,-34.55728384916578
10460930000,0,3,146.40640013492387,-34.557421479119625
10460930000,0,4,146.4047808851311,-34.55778064900204
10460930000,0,5,146.40455659524008,-34.557088638980744
10460930000,0,6,146.40537415513515,-34.55691009904013
10460930000,0,7,146.40617624503253,-34.55673225909837
10460930000,0,8,146.40718568490357,-34.55650616917167
10460930000,0,9,146.40787433483194,-34.55620087922064
10460930000,0,10,146.40816881474112,-34.55662639924533
10460930000,0,11,146.40831426469882,-34.55681271925738
10460930000,0,12,146.40819903471152,-34.55685716924915
10460940000,0,0,146.41349306010255,-34.59196291987863
10460940000,0,1,146.4130310499029,-34.59445292986118
10460940000,0,2,146.4126800597387,-34.596459919848705
10460940000,0,3,146.41208404968114,-34.597827919813746
10460940000,0,4,146.41190403971473,-34.59777091980002
10460940000,0,5,146.41174802974308,-34.59772792978816
10460940000,0,6,146.4118000497492,-34.59759891979114
10460940000,0,7,146.41073303994338,-34.59730591971008
10460940000,0,8,146.4106190499644,-34.59727191970139
10460940000,0,9,146.41034102993345,-34.597947929685326
10460940000,0,10,146.4102480699208,-34.59819491968012
10460940000,0,11,146.40829159027615,-34.597664619531514
10460940000,0,12,146.40744990042816,-34.59744427946763
10460940000,0,13,146.4057337506678,-34.59764372934178
10460940000,0,14,146.4042957909645,-34.596925669230366
10460940000,0,15,146.40497473100015,-34.59564328927203
10460940000,0,16,146.4050256810208,-34.595381219274046
10460940000,0,17,146.40494108108206,-34.59493455926476
10460940000,0,18,146.40427805162906,-34.590817919187835
10460940000,0,19,146.40792506102378,-34.59128191946126
10460940000,0,20,146.4106890605654,-34.5916299196685
10460940000,0,21,146.41349306010255,-34.59196291987863
10460950000,0,0,146.41275627383516,-34.55855357959844
10460950000,0,1,146.41269510390205,-34.5580220395903
10460950000,0,2,146.4125698339521,-34.55773584957909
10460950000,0,3,146.41151790421745,-34.556761949494515
10460950000,0,4,146.41120904429542,-34.55647556946968
10460950000,0,5,146.4114030442788,-34.556356319483264
10460950000,0,6,146.41154312425599,-34.55637054949374
10460950000,0,7,146.41174938422182,-34.5563967195092
10460950000,0,8,146.41272317406253,-34.55650085958211
10460950000,0,9,146.41284738404175,-34.556518319591426
10460950000,0,10,146.41423230381235,-34.556693279695295
10460950000,0,11,146.41606806351314,-34.55687992983269
10460950000,0,12,146.41939752295832,-34.55733051008265
10460950000,0,13,146.4191264728464,-34.55874373007209
10460950000,0,14,146.41754405311147,-34.55851691995319
10460950000,0,15,146.41658469269933,-34.56366655991683
10460950000,0,16,146.4149018929773,-34.563461559790674
10460950000,0,17,146.41332546323767,-34.5632703996725
10460950000,0,18,146.4133737132455,-34.563130539675115
10460950000,0,19,146.41346981325572,-34.5629013096807
10460950000,0,20,146.41352274326607,-34.56273137968347
10460950000,0,21,146.41383664324994,-34.56243994970479
10460950000,0,22,146.41439501321454,-34.5619832097431
10460950000,0,23,146.41450554321636,-34.561811139750134
10460950000,0,24,146.41458795322248,-34.56163913975508
10460950000,0,25,146.41461533324068,-34.56143286975571
10460950000,0,26,146.41453072331063,-34.56090600974588
10460950000,0,27,146.41446090334355,-34.56069989973932
10460950000,0,28,146.41432158339325,-34.56043663972721
10460950000,0,29,146.41380824352458,-34.55994488968582
10460950000,0,30,146.413183253684,-34.559350179635466
10460950000,0,31,146.41313719369657,-34.559298249631695
10460950000,0,32,146.41309291370914,-34.55924449962806
10460950000,0,33,146.41305148372143,-34.55918933962461
10460950000,0,34,146.41301261373346,-34.55913290962135
10460950000,0,35,146.41297695374504,-34.559075579618316
10460950000,0,36,146.41294998375443,-34.55902732961599
10460950000,0,37,146.41293341376047,-34.55899448961455
10460950000,0,38,146.41288048378112,-34.55887784960982
10460950000,0,39,146.41283657379913,-34.55877335960587
10460950000,0,40,146.4127944538174,-34.558663919602
10460950000,0,41,146.41275627383516,-34.55855357959844
10460960000,0,0,146.40376746568668,-34.55407130890188
10460960000,0,1,146.40409902561524,-34.55426561892776
10460960000,0,2,146.4043647055594,-34.55440870894842
10460960000,0,3,146.40347480558415,-34.55542922888937
10460960000,0,4,146.40287930571273,-34.555077298842875
10460960000,0,5,146.401660025976,-34.55435705874766
10460960000,0,6,146.40080862615946,-34.55385764868119
10460960000,0,7,146.40078989620034,-34.55350646867744
10460960000,0,8,146.40074635630017,-34.55264480866839
10460960000,0,9,146.40072113633286,-34.552378508664724
10460960000,0,10,146.40158118620255,-34.55237498872842
10460960000,0,11,146.40235195608562,-34.55237291878552
10460960000,0,12,146.40243006597927,-34.55324591879721
10460960000,0,13,146.40295168586653,-34.55355506883795
10460960000,0,14,146.40316232581952,-34.55369394885448
10460960000,0,15,146.40342293576094,-34.55386899887499
10460960000,0,16,146.40376746568668,-34.55407130890188
10460970000,0,0,146.39353913620556,-34.563641548208786
10460970000,0,1,146.39349449621443,-34.563622468205345
10460970000,0,2,146.3934502262229,-34.563606358201945
10460970000,0,3,146.3934084662305,-34.56359466819879
10460970000,0,4,146.3933692362371,-34.56358853819584
10460970000,0,5,146.3933346662423,-34.56358907819329
10460970000,0,6,146.392921746299,-34.56364524816308
10460970000,0,7,146.39242815664994,-34.5610960781093
10460970000,0,8,146.39239073667738,-34.560894478105176
10460970000,0,9,146.3928108566192,-34.56084236813594
10460970000,0,10,146.39301642659098,-34.56081437815098
10460970000,0,11,146.39308624654183,-34.56117051815855
10460970000,0,12,146.39314636651645,-34.561320438164024
10460970000,0,13,146.39335915646913,-34.5614590481807
10460970000,0,14,146.39354165646043,-34.561282738193036
10460970000,0,15,146.39360859645473,-34.5612414281977
10460970000,0,16,146.3942098263826,-34.56106323824104
10460970000,0,17,146.39439918633144,-34.56127022825645
10460970000,0,18,146.39440856632896,-34.561279688257216
10460970000,0,19,146.3944311963236,-34.56129768825901
10460970000,0,20,146.3961203459576,-34.562306748390945
10460970000,0,21,146.3955871959722,-34.56292046835559
10460970000,0,22,146.39552959598424,-34.56289021835112
10460970000,0,23,146.39548926599227,-34.56287312834803
10460970000,0,24,146.39542553600413,-34.56285251834317
10460970000,0,25,146.39538198601187,-34.56284217833988
10460970000,0,26,146.39533734601952,-34.562834608336516
10460970000,0,27,146.39526927603052,-34.56282857833143
10460970000,0,28,146.3952012360408,-34.562829118326405
10460970000,0,29,146.39515590604725,-34.56283297832306
10460970000,0,30,146.3951112660533,-34.562839828319795
10460970000,0,31,146.39504574606158,-34.56285521831504
10460970000,0,32,146.3950032660666,-34.562868888311996
10460970000,0,33,146.39494241607306,-34.56289445830766
10460970000,0,34,146.3948851860784,-34.562925498303635
10460970000,0,35,146.3948498960812,-34.562949178301174
10460970000,0,36,146.3948012760843,-34.56298869829785
10460970000,0,37,146.39476097608602,-34.563029458295134
10460970000,0,38,146.39463676611325,-34.56295241828541
10460970000,0,39,146.39387358627837,-34.56249862822584
10460970000,0,40,146.39375656627945,-34.5626529982182
10460970000,0,41,146.393711606279,-34.562720488215334
10460970000,0,42,146.39367630627743,-34.562784918213154
10460970000,0,43,146.39360680626953,-34.562955468209154
10460970000,0,44,146.3935650562554,-34.56314439820734
10460970000,0,45,146.39353913620556,-34.563641548208786
10460980000,0,0,146.4074260371033,-34.53584891904991
10460980000,0,1,146.4082880569608,-34.53595592911452
10460980000,0,2,146.40848738692748,-34.5359844491295
10460980000,0,3,146.40737351671234,-34.53953472907092
10460980000,0,4,146.40579244700757,-34.53902592895031
10460980000,0,5,146.4056990470263,-34.5389839089431
10460980000,0,6,146.40545981707416,-34.53887749892465
10460980000,0,7,146.40496710716877,-34.53869477888691
10460980000,0,8,146.40520388721535,-34.53793168889929
10460980000,0,9,146.405223917222,-34.53784221890017
10460980000,0,10,146.4051332972389,-34.537813528893274
10460980000,0,11,146.40438124736983,-34.537659088836485
10460980000,0,12,146.40441146747406,-34.536653278831935
10460980000,0,13,146.40628804716476,-34.536877928972515
10460980000,0,14,146.4064706871366,-34.536881938986085
10460980000,0,15,146.40665106710978,-34.53687690899942
10460980000,0,16,146.4071510470492,-34.53673491903551
10460980000,0,17,146.4074260371033,-34.53584891904991
10460990000,0,0,146.4119959825995,-34.5710262296263
10460990000,0,1,146.41103406300624,-34.56862196953873
10460990000,0,2,146.4108947430721,-34.56820976952564
10460990000,0,3,146.410838563103,-34.56800367952008
10460990000,0,4,146.4108519231258,-34.56777444951951
10460990000,0,5,146.41091740326846,-34.56636531951486
10460990000,0,6,146.41094441328914,-34.56613617951532
10460990000,0,7,146.41101318330232,-34.56591837951895
10460990000,0,8,146.4110959633009,-34.565815059524375
10460990000,0,9,146.41120543329478,-34.56571838953184
10460990000,0,10,146.4112752532911,-34.56565421953659
10460990000,0,11,146.41139982328704,-34.5655167095449
10460990000,0,12,146.41136405334393,-34.565041919539034
10460990000,0,13,146.41129806349457,-34.56374392952537
10460990000,0,14,146.41141304347784,-34.56373690953385
10460990000,0,15,146.41287804326197,-34.56367391964204
10460990000,0,16,146.413120953224,-34.56368349966012
10460990000,0,17,146.41315036321927,-34.56368584966231
10460990000,0,18,146.4132912532319,-34.56337127967065
10460990000,0,19,146.41332546323767,-34.5632703996725
10460990000,0,20,146.4149018929773,-34.563461559790674
10460990000,0,21,146.41447564274054,-34.566244789777855
10460990000,0,22,146.413465142309,-34.5716456097394
10460990000,0,23,146.41282865241467,-34.57156335969165
10460990000,0,24,146.41226991248448,-34.57170337965118
10460990000,0,25,146.4119959825995,-34.5710262296263
