id,line_order,point_order,lon,lat
20720000000,0,0,145.3211016222473,-37.74438726171043
20720000000,0,1,145.32184345211036,-37.74446601176269
20720000000,0,2,145.32144063188983,-37.747086651750884
20720000000,0,3,145.32157930180702,-37.74761782176388
20720000000,0,4,145.32006550202038,-37.74805420166091
20720000000,0,5,145.32009597203148,-37.74790657166212
20720000000,0,6,145.3197183822438,-37.74657846162749
20720000000,0,7,145.31917884238163,-37.746175651587315
20720000000,0,8,145.31956939253033,-37.74422276160243
20720000000,0,9,145.3211016222473,-37.74438726171043
20720010000,0,0,145.32070505162838,-37.75059629172137
20720010000,0,1,145.32046991176114,-37.74976429169979
20720010000,0,2,145.3199976818817,-37.74941253166463
20720010000,0,3,145.3198137619288,-37.74927452165093
20720010000,0,4,145.32006550202038,-37.74805420166091
20720010000,0,5,145.32157930180702,-37.74761782176388
20720010000,0,6,145.32193488170842,-37.74795352179079
20720010000,0,7,145.3225314715845,-37.748141111833604
20720010000,0,8,145.3229448715086,-37.748181241862724
20720010000,0,9,145.3231086113198,-37.74963031188317
20720010000,0,10,145.32070505162838,-37.75059629172137
20720020000,0,0,145.33292141979675,-37.74806717255878
20720020000,0,1,145.33103448014208,-37.74789401242589
20720020000,0,2,145.33209695022623,-37.74547726248505
20720020000,0,3,145.33301288005794,-37.74556719254962
20720020000,0,4,145.33325827001295,-37.74559061256689
20720020000,0,5,145.3335053399675,-37.745615492584314
20720020000,0,6,145.33376065987002,-37.74609657260515
20720020000,0,7,145.3335427198615,-37.74651361259251
20720020000,0,8,145.3333899298019,-37.74728991258668
20720020000,0,9,145.3329645998138,-37.74784595256042
20720020000,0,10,145.33292141979675,-37.74806717255878
20720040000,0,0,145.3331370176484,-37.76711471269238
20720040000,0,1,145.3333655077473,-37.76586613270057
20720040000,0,2,145.3334994978053,-37.76513383270539
20720040000,0,3,145.3338681479443,-37.76330503271976
20720040000,0,4,145.33431574810857,-37.761124732737464
20720040000,0,5,145.3357513678538,-37.76118352283814
20720040000,0,6,145.33629488775904,-37.76119029287615
20720040000,0,7,145.33682789766704,-37.76118879291339
20720040000,0,8,145.33731097759173,-37.76111483294669
20720040000,0,9,145.33767104754105,-37.7610101029712
20720040000,0,10,145.3380753274894,-37.76084508299843
20720040000,0,11,145.33840893745253,-37.76065745302058
20720040000,0,12,145.33867450742926,-37.76045342303786
20720040000,0,13,145.3389138374146,-37.76021210305307
20720040000,0,14,145.33917707735444,-37.7603442930723
20720040000,0,15,145.33930964733574,-37.76030616308133
20720040000,0,16,145.33992130722694,-37.760333263124245
20720040000,0,17,145.3404858171222,-37.7603976231641
20720040000,0,18,145.34175674688672,-37.76053954325383
20720040000,0,19,145.34191391685957,-37.76053909326481
20720040000,0,20,145.34212083682579,-37.760521293279155
20720040000,0,21,145.34231556677693,-37.760657843293615
20720040000,0,22,145.34240757675502,-37.760712233300396
20720040000,0,23,145.34311191661556,-37.76087137335061
20720040000,0,24,145.34351192654125,-37.760917933378856
20720040000,0,25,145.34393568645564,-37.76102875340918
20720040000,0,26,145.34450092633784,-37.76120966344982
20720040000,0,27,145.34497670624975,-37.76126222348341
20720040000,0,28,145.3456771761233,-37.76130999353268
20720040000,0,29,145.34640520598333,-37.76143712358437
20720040000,0,30,145.34626354598117,-37.76167740357596
20720040000,0,31,145.345971365827,-37.76352270356702
20720040000,0,32,145.3458557657668,-37.76424562356344
20720040000,0,33,145.34393878610769,-37.76416130342888
20720040000,0,34,145.3446937957389,-37.76630861349503
20720040000,0,35,145.34442413569303,-37.76714243348137
20720040000,0,36,145.3493096147829,-37.76772958382661
20720040000,0,37,145.34880672457587,-37.770378843807926
20720040000,0,38,145.34839587440734,-37.772537863792635
20720040000,0,39,145.34716141463704,-37.7723922637054
20720040000,0,40,145.34562954492245,-37.77220865359716
20720040000,0,41,145.34496860504555,-37.77212942355046
20720040000,0,42,145.34253587539806,-37.77274585338422
20720040000,0,43,145.34212587540185,-37.77335086335933
20720040000,0,44,145.34157556543073,-37.773948613324585
20720040000,0,45,145.34104912547747,-37.774348403290276
20720040000,0,46,145.34079559550372,-37.77450693327354
20720040000,0,47,145.34066663551786,-37.774580593264986
20720040000,0,48,145.3405351255328,-37.77465132325623
20720040000,0,49,145.34040106554846,-37.7747190332473
20720040000,0,50,145.3402646655649,-37.77478367323816
20720040000,0,51,145.34010837558426,-37.774852693227665
20720040000,0,52,145.33996729560226,-37.77491063321816
20720040000,0,53,145.33982410562095,-37.774965363208494
20720040000,0,54,145.33973037563342,-37.77499904320215
20720040000,0,55,145.33958496565313,-37.7750482231923
20720040000,0,56,145.3394378256735,-37.77509404318229
20720040000,0,57,145.33913885571616,-37.77517552316191
20720040000,0,58,145.33898727573848,-37.77521113315154
20720040000,0,59,145.33882623576258,-37.775244873140494
20720040000,0,60,145.33867227578608,-37.77527332312991
20720040000,0,61,145.33820518585975,-37.77533745309767
20720040000,0,62,145.33789059591143,-37.775362353075856
20720040000,0,63,145.33776419590146,-37.7756496730688
20720040000,0,64,145.33437732653002,-37.77526568282974
20720040000,0,65,145.33375080664587,-37.775198882785546
20720040000,0,66,145.33192043699015,-37.77495000265613
20720040000,0,67,145.33155433705457,-37.7749400526305
20720040000,0,68,145.33197405716126,-37.773322892649766
20720040000,0,69,145.33219962725278,-37.7721455726582
20720040000,0,70,145.33219246726935,-37.772007432656835
20720040000,0,71,145.33212972728944,-37.77192418265192
20720040000,0,72,145.3320834073021,-37.77188198264844
20720040000,0,73,145.3322350273017,-37.77164903265757
20720040000,0,74,145.3323556973116,-37.77137130266428
20720040000,0,75,145.3323853373234,-37.7712189926654
20720040000,0,76,145.33296648757494,-37.76804341268625
20720040000,0,77,145.3331370176484,-37.76711471269238
20720050000,0,0,147.68350851208297,-37.62300702723386
20720050000,0,1,147.68367148207633,-37.62284002724575
20720050000,0,2,147.68422748199296,-37.62275304728935
20720050000,0,3,147.68477349196186,-37.6222630373296
20720050000,0,4,147.68605548177572,-37.622014047429836
20720050000,0,5,147.6866794816451,-37.62221202748065
20720050000,0,6,147.68744850152913,-37.622097037541
20720050000,0,7,147.68854350134032,-37.62212202762814
20720050000,0,8,147.68884948130312,-37.6220050376517
20720050000,0,9,147.69035649105535,-37.62194303777101
20720050000,0,10,147.69088651098713,-37.62177104781202
20720050000,0,11,147.69178247080066,-37.62204602788494
20720050000,0,12,147.69273249069647,-37.62159303795755
20720050000,0,13,147.6927304907434,-37.621222037955036
20720050000,0,14,147.69297650075558,-37.62079304797187
20720050000,0,15,147.69366248065782,-37.62064504802544
20720050000,0,16,147.69387049069726,-37.620050028038186
20720050000,0,17,147.69376548078642,-37.61948203802624
20720050000,0,18,147.69496648067536,-37.618745038117
20720050000,0,19,147.69534049061218,-37.6187430381467
20720050000,0,20,147.69568549063155,-37.618123028170196
20720050000,0,21,147.69612750056203,-37.61808003820505
20720050000,0,22,147.69676848040152,-37.61849302825859
20720050000,0,23,147.69748450023704,-37.61883603831765
20720050000,0,24,147.6984704800789,-37.618764038395554
20720050000,0,25,147.6984485001053,-37.618584038392676
20720050000,0,26,147.69869448010198,-37.61827804841028
20720050000,0,27,147.69890651006668,-37.61827302842709
20720050000,0,28,147.69933048998402,-37.61835903846134
20720050000,0,29,147.7008984895268,-37.619883028595616
20720050000,0,30,147.70106846946376,-37.62015503861084
20720050000,0,31,147.70121749938298,-37.62059703862549
20720050000,0,32,147.7018534791468,-37.6216190286825
20720050000,0,33,147.70236648904734,-37.6217180487239
20720050000,0,34,147.70265450899151,-37.621774048747156
20720050000,0,35,147.7022414688105,-37.623772048726984
20720050000,0,36,147.70172149885997,-37.624080028687615
20720050000,0,37,147.70109949895988,-37.624124048638436
20720050000,0,38,147.70072650900593,-37.62426103860967
20720050000,0,39,147.70054947900553,-37.624503038597126
20720050000,0,40,147.70064547897545,-37.624613038605446
20720050000,0,41,147.7012754988748,-37.624564028655215
20720050000,0,42,147.7025064987031,-37.624269048751195
20720050000,0,43,147.7038834984978,-37.62404502885922
20720050000,0,44,147.70457849835304,-37.624259038915824
20720050000,0,45,147.70451447827907,-37.624934028915014
20720050000,0,46,147.70411348828034,-37.6254650388865
20720050000,0,47,147.70379348827217,-37.625962038864216
20720050000,0,48,147.7035424782593,-37.62640303884705
20720050000,0,49,147.70333048823383,-37.6268920288333
20720050000,0,50,147.7034674681226,-37.627592038848626
20720050000,0,51,147.7037774979821,-37.62829203887769
20720050000,0,52,147.7041754978989,-37.62841704891013
20720050000,0,53,147.70480249784046,-37.62803603895755
20720050000,0,54,147.70570050776146,-37.62745304902525
20720050000,0,55,147.70668249760925,-37.62733902910259
20720050000,0,56,147.7076294974202,-37.62756504917932
20720050000,0,57,147.70813348722479,-37.628440039224934
20720050000,0,58,147.70858648709253,-37.628881039263746
20720050000,0,59,147.7095294969037,-37.629111039340174
20720050000,0,60,147.71047849672115,-37.629283049416735
20720050000,0,61,147.71164149649138,-37.629542049510846
20720050000,0,62,147.71266148623215,-37.63022804959632
20720050000,0,63,147.71344649597157,-37.63124202966516
20720050000,0,64,147.71389248578274,-37.63214203970633
20720050000,0,65,147.71391449571715,-37.6326340497112
20720050000,0,66,147.71337747575845,-37.633030039671
20720050000,0,67,147.7125254958614,-37.63336003960533
20720050000,0,68,147.71230747586128,-37.633655039589854
20720050000,0,69,147.71231546581305,-37.634028039592856
20720050000,0,70,147.71259746568114,-37.6346970396195
20720050000,0,71,147.71347248546766,-37.635214039692386
20720050000,0,72,147.71422949533726,-37.635230039752685
20720050000,0,73,147.71505749524547,-37.634843039816104
20720050000,0,74,147.71606449509724,-37.63466402989505
20720050000,0,75,147.71733148486007,-37.63484103999696
20720050000,0,76,147.71849747460215,-37.635319040092725
20720050000,0,77,147.71928850439065,-37.635934040159555
20720050000,0,78,147.719311494332,-37.63636905016415
20720050000,0,79,147.71884550432273,-37.63707105013152
20720050000,0,80,147.71844549432242,-37.637613040103126
20720050000,0,81,147.71843148423008,-37.63836605010678
20720050000,0,82,147.71883947403634,-37.63935604014551
20720050000,0,83,147.7190695039695,-37.6395770401652
20720050000,0,84,147.72026049376808,-37.639572050259915
20720050000,0,85,147.72082449363145,-37.639898030306846
20720050000,0,86,147.72113748347027,-37.64075704033719
20720050000,0,87,147.72109448343627,-37.64108505033586
20720050000,0,88,147.7218114932794,-37.64136505039466
20720050000,0,89,147.732457481066,-37.64460105126242
20720050000,0,90,147.73074249089896,-37.64823904114894
20720050000,0,91,147.72592047188948,-37.646870040756475
20720050000,0,92,147.72527848202182,-37.646684040704216
20720050000,0,93,147.72508849202575,-37.646909030690516
20720050000,0,94,147.72473349205328,-37.64716903066392
20720050000,0,95,147.72438747209085,-37.64733703063744
20720050000,0,96,147.72358747218706,-37.64765103057578
20720050000,0,97,147.72340847219843,-37.64780205056249
20720050000,0,98,147.7235434821386,-37.64809503057508
20720050000,0,99,147.72438247195186,-37.64844805064407
20720050000,0,100,147.72499144176805,-37.64908697069659
20720050000,0,101,147.72530049166386,-37.64949804072377
20720050000,0,102,147.72570647151872,-37.65010404075992
20720050000,0,103,147.72615849131788,-37.65109003080213
20720050000,0,104,147.72609447122224,-37.65193604080239
20720050000,0,105,147.7259174811853,-37.65246804079167
20720050000,0,106,147.7255384712189,-37.65271204076305
20720050000,0,107,147.7254524711965,-37.653006040758065
20720050000,0,108,147.7254214810834,-37.65394604076155
20720050000,0,109,147.7250824710327,-37.65480604074001
20720050000,0,110,147.72429246109513,-37.65537504068077
20720050000,0,111,147.72300847137927,-37.654849050575265
20720050000,0,112,147.721938471627,-37.65432404048679
20720050000,0,113,147.72085249187526,-37.65381605039718
20720050000,0,114,147.72050847206214,-37.65279503036336
20720050000,0,115,147.72031247215168,-37.65234803034493
20720050000,0,116,147.71991447223945,-37.65218705031226
20720050000,0,117,147.71909446236947,-37.65226005024748
20720050000,0,118,147.71814448252138,-37.652334050172364
20720050000,0,119,147.71736447264962,-37.652367030110526
20720050000,0,120,147.71724348264271,-37.652585040102274
20720050000,0,121,147.71775349247287,-37.653247040147036
20720050000,0,122,147.71795450235126,-37.653942030167435
20720050000,0,123,147.7173384823524,-37.654764040123624
20720050000,0,124,147.71691647232132,-37.65558004009522
20720050000,0,125,147.71713847218848,-37.65633604011767
20720050000,0,126,147.71761749204867,-37.65680104015872
20720050000,0,127,147.71767447203018,-37.65687104016368
20720050000,0,128,147.71769549202324,-37.656898030165536
20720050000,0,129,147.71771447201672,-37.65692405016721
20720050000,0,130,147.71773550200913,-37.65695603016908
20720050000,0,131,147.71776148199908,-37.65700104017144
20720050000,0,132,147.71778448198876,-37.65705205017358
20720050000,0,133,147.71780448197893,-37.6571030301755
20720050000,0,134,147.7178124719744,-37.6571280501763
20720050000,0,135,147.7178335019613,-37.65720404017844
20720050000,0,136,147.7178444819531,-37.657254050179645
20720050000,0,137,147.71785346194466,-37.657309030180706
20720050000,0,138,147.7178594919375,-37.65735804018148
20720050000,0,139,147.7178614919336,-37.65738605018183
20720050000,0,140,147.71786149192909,-37.65742205018205
20720050000,0,141,147.71786047192552,-37.65745204018216
20720050000,0,142,147.7178574819222,-37.65748204018212
20720050000,0,143,147.71785248191918,-37.657513050181905
20720050000,0,144,147.71784649191653,-37.65754204018161
20720050000,0,145,147.71784047191466,-37.65756503018128
20720050000,0,146,147.71782247191067,-37.657621030180216
20720050000,0,147,147.71781149190903,-37.65764904017951
20720050000,0,148,147.71778747190666,-37.65770005017793
20720050000,0,149,147.71775849190553,-37.657748040175925
20720050000,0,150,147.7177344719055,-37.657781040174214
20720050000,0,151,147.71769348190665,-37.65782703017125
20720050000,0,152,147.7176794719074,-37.65784004017022
20720050000,0,153,147.71764549190962,-37.65786805016769
20720050000,0,154,147.71760147191333,-37.65789803016439
20720050000,0,155,147.71757449191574,-37.65791504016234
20720050000,0,156,147.71756749191655,-37.6579180301618
20720050000,0,157,147.71754748191842,-37.65793004016029
20720050000,0,158,147.7174904719246,-37.65795805015594
20720050000,0,159,147.7174404719302,-37.65798104015209
20720050000,0,160,147.7172864719483,-37.65804504014025
20720050000,0,161,147.71716847196154,-37.658099040131205
20720050000,0,162,147.71712248196656,-37.65812103012769
20720050000,0,163,147.71704148197594,-37.658156030121475
20720050000,0,164,147.71699049198168,-37.65817905011757
20720050000,0,165,147.71696648198423,-37.65819104011572
20720050000,0,166,147.7169134819896,-37.658220050111694
20720050000,0,167,147.71688848199167,-37.65823705010982
20720050000,0,168,147.71666050199462,-37.65852104009347
20720050000,0,169,147.71573248201705,-37.659595040026446
20720050000,0,170,147.71503450203937,-37.66035902997579
20720050000,0,171,147.71434749204806,-37.661217049926556
20720050000,0,172,147.71381448201367,-37.662209029890434
20720050000,0,173,147.71370246197196,-37.66269202988459
20720050000,0,174,147.713996471904,-37.66283503990888
20720050000,0,175,147.71486649178613,-37.66259802997656
20720050000,0,176,147.7160224817114,-37.661632040062415
20720050000,0,177,147.71715047160905,-37.66092404014765
20720050000,0,178,147.71789248149943,-37.66079404020586
20720050000,0,179,147.71889349133903,-37.660718050285006
20720050000,0,180,147.7195774712161,-37.660772050339766
20720050000,0,181,147.71987348108115,-37.66144504036756
20720050000,0,182,147.71990849094541,-37.66247604037688
20720050000,0,183,147.71984549079653,-37.66374403037989
20720050000,0,184,147.7194324908158,-37.66414804034959
20720050000,0,185,147.7185784609545,-37.66419804028197
20720050000,0,186,147.71812550102518,-37.664247050246246
20720050000,0,187,147.71793847102074,-37.6645350402332
20720050000,0,188,147.7178235009403,-37.66532904022906
20720050000,0,189,147.71758847091237,-37.66586804021378
20720050000,0,190,147.71681449099088,-37.66628804015486
20720050000,0,191,147.71602649106794,-37.66673904009504
20720050000,0,192,147.71563649106722,-37.66727104006738
20720050000,0,193,147.71546147105994,-37.66756504005532
20720050000,0,194,147.71532748098312,-37.66835605004968
20720050000,0,195,147.71520948083347,-37.66970403004881
20720050000,0,196,147.71497007073899,-37.670777510036565
20720050000,0,197,147.71463894079986,-37.670740610009986
20720050000,0,198,147.71404947090846,-37.67067303996268
20720050000,0,199,147.71340247106684,-37.670288039908776
20720050000,0,200,147.71294549103357,-37.67116904987802
20720050000,0,201,147.71240547110224,-37.67135204983623
20720050000,0,202,147.71110947134713,-37.67115503973192
20720050000,0,203,147.71019449147616,-37.671365039660486
20720050000,0,204,147.70944751163697,-37.67109504959938
20720050000,0,205,147.70922147167434,-37.67110303958147
20720050000,0,206,147.7080254717902,-37.67179704949074
20720050000,0,207,147.70660548202008,-37.67188702937842
20720050000,0,208,147.70574149218294,-37.671759049308925
20720050000,0,209,147.7052284822928,-37.671578039267
20720050000,0,210,147.70516146227743,-37.67179103926302
20720050000,0,211,147.704498482418,-37.671569039208904
20720050000,0,212,147.70444347241028,-37.67170404920539
20720050000,0,213,147.70334048264533,-37.67132503911532
20720050000,0,214,147.70243345281975,-37.6711635290422
20720050000,0,215,147.70119249302755,-37.67118704894371
20720050000,0,216,147.70003748325735,-37.67092003885022
20720050000,0,217,147.69944648332287,-37.67119703880499
20720050000,0,218,147.6991884932861,-37.67183803878854
20720050000,0,219,147.69795750337192,-37.67281803869692
20720050000,0,220,147.69609151363318,-37.67326104855144
20720050000,0,221,147.695634493615,-37.67402303851995
20720050000,0,222,147.69510148368744,-37.67416704847851
20720050000,0,223,147.6946334838278,-37.67368304843826
20720050000,0,224,147.69392848400915,-37.67319303837913
20720050000,0,225,147.692316494299,-37.67306603825027
20720050000,0,226,147.68958049468634,-37.67368204803682
20720050000,0,227,147.6878684950481,-37.673118037897254
20720050000,0,228,147.68730847512865,-37.67323403785351
20720050000,0,229,147.6862400853316,-37.67306362776759
20720050000,0,230,147.6854904854521,-37.673118037708385
20720050000,0,231,147.68476249562946,-37.67269103764787
20720050000,0,232,147.68376349580015,-37.6726830475685
20720050000,0,233,147.68247347616085,-37.671557047458926
20720050000,0,234,147.68124148636113,-37.67162904736156
20720050000,0,235,147.68033650645125,-37.672135037292904
20720050000,0,236,147.67956248664933,-37.6716050372281
20720050000,0,237,147.67870050668594,-37.67247902716518
20720050000,0,238,147.67780450684774,-37.67240302709357
20720050000,0,239,147.67779548673857,-37.673284037098426
20720050000,0,240,147.67808547660482,-37.673956027125705
20720050000,0,241,147.67747950660552,-37.67477002708275
20720050000,0,242,147.67663949674258,-37.67481504701635
20720050000,0,243,147.67617948686927,-37.67442903697739
20720050000,0,244,147.67557551706108,-37.673719046924965
20720050000,0,245,147.67535951703394,-37.674227036911034
20720050000,0,246,147.67434349708662,-37.67518204683642
20720050000,0,247,147.6733014972664,-37.67516002675357
20720050000,0,248,147.67299748737372,-37.67471702672665
20720050000,0,249,147.67260047745333,-37.67462003669453
20720050000,0,250,147.67204049763194,-37.67395602664587
20720050000,0,251,147.67174550768593,-37.67392504662227
20720050000,0,252,147.67155847765906,-37.67439203661038
20720050000,0,253,147.6711774876694,-37.674825036582874
20720050000,0,254,147.67029747779597,-37.67500803651421
20720050000,0,255,147.66992447788243,-37.67482403648343
20720050000,0,256,147.6696694879834,-37.6743650264603
20720050000,0,257,147.66911750801992,-37.67482103641939
20720050000,0,258,147.66849951802357,-37.67562804637545
20720050000,0,259,147.66838450808885,-37.67526403636401
20720050000,0,260,147.66812849823447,-37.67445103633857
20720050000,0,261,147.66898547820776,-37.67350403640057
20720050000,0,262,147.66952345814198,-37.67330003644198
20720050000,0,263,147.67029747811074,-37.67250204649836
20720050000,0,264,147.67031349816614,-37.6720390464967
20720050000,0,265,147.67084270814652,-37.671479546535146
20720050000,0,266,147.6708784781891,-37.67109204653554
20720050000,0,267,147.6712954981964,-37.6704700365647
20720050000,0,268,147.67093600842372,-37.6691464365278
20720050000,0,269,147.67080047863828,-37.66762103650739
20720050000,0,270,147.6703284988084,-37.666905036465415
20720050000,0,271,147.67083847888014,-37.66564403649791
20720050000,0,272,147.67030550914612,-37.66424704644678
20720050000,0,273,147.6702074992671,-37.66341604643376
20720050000,0,274,147.671069489268,-37.66224303649472
20720050000,0,275,147.6718394892049,-37.66170403655242
20720050000,0,276,147.67221551924303,-37.66089203657714
20720050000,0,277,147.67138750952492,-37.659767026504305
20720050000,0,278,147.671409339626,-37.65893219650076
20720050000,0,279,147.67102948973388,-37.658587046468426
20720050000,0,280,147.67120249979186,-37.65789103647775
20720050000,0,281,147.6697295005245,-37.654048036336555
20720050000,0,282,147.66877050079626,-37.653180036254966
20720050000,0,283,147.66750950109156,-37.65253302615081
20720050000,0,284,147.666736501415,-37.65100204607978
20720050000,0,285,147.66611848172377,-37.64937704602047
20720050000,0,286,147.66540250196908,-37.64839102595743
20720050000,0,287,147.66501750216483,-37.647352035920306
20720050000,0,288,147.66367349265343,-37.64527603580055
20720050000,0,289,147.66336149285843,-37.644064045768125
20720050000,0,290,147.66270449310696,-37.6429720457091
20720050000,0,291,147.66255951322213,-37.64225002569302
20720050000,0,292,147.66293550325028,-37.641517035718216
20720050000,0,293,147.66274647340143,-37.64056804569722
20720050000,0,294,147.66285549352716,-37.63941802569858
20720050000,0,295,147.66338449357778,-37.63829903573346
20720050000,0,296,147.6644174734701,-37.63776003581201
20720050000,0,297,147.66442240351813,-37.63737074580993
20720050000,0,298,147.66543049352353,-37.635964045880996
20720050000,0,299,147.66565449360996,-37.634972035892496
20720050000,0,300,147.66652648357908,-37.634039045955774
20720050000,0,301,147.66746351360285,-37.632582036020885
20720050000,0,302,147.6682005135599,-37.63192804607523
20720050000,0,303,147.66855048383155,-37.62928903608629
20720050000,0,304,147.6688626338629,-37.628617306106804
20720050000,0,305,147.66895749393615,-37.62790503610983
20720050000,0,306,147.67005848392878,-37.626475036188126
20720050000,0,307,147.67070350400266,-37.62501403623008
20720050000,0,308,147.67144051395456,-37.624401046284675
20720050000,0,309,147.6724175137919,-37.624377026362055
20720050000,0,310,147.67318350363337,-37.62460504642429
20720050000,0,311,147.6733545035601,-37.62495803644011
20720050000,0,312,147.6741164734581,-37.62474103649921
20720050000,0,313,147.67447450345736,-37.62426303652461
20720050000,0,314,147.6750255034098,-37.62389702656603
20720050000,0,315,147.67535649335773,-37.62386504659209
20720050000,0,316,147.67570050326663,-37.62412603662105
20720050000,0,317,147.67571948319613,-37.62466203662595
20720050000,0,318,147.67585851312654,-37.625029046639305
20720050000,0,319,147.67638947300637,-37.62526904668297
20720050000,0,320,147.67717550284783,-37.625470026746655
20720050000,0,321,147.67848049259766,-37.6257000368517
20720050000,0,322,147.6798094923897,-37.62556102695633
20720050000,0,323,147.68099950223333,-37.62519903704853
20720050000,0,324,147.6822664820196,-37.62519002714906
20720050000,0,325,147.68321249189606,-37.62489602722233
20720050000,0,326,147.6833484919098,-37.62460304723126
20720050000,0,327,147.68295750205394,-37.6239830371963
20720050000,0,328,147.6831115020988,-37.62341702720494
20720050000,0,329,147.68350851208297,-37.62300702723386
20720060000,0,0,147.39226755965518,-37.71879501488295
20720060000,0,1,147.39275352991424,-37.716037014903584
20720060000,0,2,147.39260953007445,-37.71494301488542
20720060000,0,3,147.38794053090612,-37.714655014518364
20720060000,0,4,147.38531654147545,-37.71367101430692
20720060000,0,5,147.38402054199648,-37.711249014190294
20720060000,0,6,147.38397371219386,-37.709720324176985
20720060000,0,7,147.38610231174124,-37.710444924348025
20720060000,0,8,147.38610468165,-37.71117784435284
20720060000,0,9,147.38757326123076,-37.712540974476305
20720060000,0,10,147.39166962050416,-37.71276921479818
20720060000,0,11,147.39483150985984,-37.71361865505092
20720060000,0,12,147.3949862296211,-37.71533131507383
20720060000,0,13,147.39471309940583,-37.71744305506577
20720060000,0,14,147.39401550914175,-37.72053201503068
20720060000,0,15,147.39224252920775,-37.72243783490398
20720060000,0,16,147.390388979336,-37.72395279476853
20720060000,0,17,147.3878327795539,-37.72571151457966
20720060000,0,18,147.38506150984128,-37.72720602437233
20720060000,0,19,147.3828425301102,-37.72809000420439
20720060000,0,20,147.3816060602451,-37.72870311411156
20720060000,0,21,147.38158354010343,-37.7298770141172
20720060000,0,22,147.3824395399186,-37.73019001418611
20720060000,0,23,147.38345550973355,-37.730285014266165
20720060000,0,24,147.38469603939703,-37.73129263436952
20720060000,0,25,147.38538865918733,-37.73203071442835
20720060000,0,26,147.38610201897197,-37.7327860844889
20720060000,0,27,147.3841885391369,-37.734088894347465
20720060000,0,28,147.3806015401635,-37.73074401404589
20720060000,0,29,147.38048653019615,-37.730639014036235
20720060000,0,30,147.3803725402287,-37.73053302402664
20720060000,0,31,147.37950154048178,-37.72969001395324
20720060000,0,32,147.38007853066256,-37.72743701398415
20720060000,0,33,147.38481554014754,-37.72507400433967
20720060000,0,34,147.38554456017258,-37.72386900438908
20720060000,0,35,147.38975832958343,-37.72282451471207
20720060000,0,36,147.39226755965518,-37.71879501488295
20720070000,0,0,147.38397371219386,-37.709720324176985
20720070000,0,1,147.3849955622689,-37.7077090142442
20720070000,0,2,147.3845075525233,-37.70632701419731
20720070000,0,3,147.3815115632156,-37.7048600139538
20720070000,0,4,147.37821452357144,-37.70652401370651
20720070000,0,5,147.376209533893,-37.706687023550806
20720070000,0,6,147.3719525446663,-37.70630202321564
20720070000,0,7,147.3689865153456,-37.704898012974986
20720070000,0,8,147.36736653566294,-37.70456501284632
20720070000,0,9,147.36606053597416,-37.70384901273976
20720070000,0,10,147.36491753632615,-37.702579022642446
20720070000,0,11,147.3647295263838,-37.70237200262646
20720070000,0,12,147.36531012673515,-37.698733162648864
20720070000,0,13,147.36623518636446,-37.70045496273199
20720070000,0,14,147.36812453580126,-37.70240401289192
20720070000,0,15,147.37190454497207,-37.70389801319671
20720070000,0,16,147.3755441442152,-37.70500110348816
20720070000,0,17,147.37918553363667,-37.70466101377068
20720070000,0,18,147.38119675343256,-37.70354193392087
20720070000,0,19,147.3831605230259,-37.70412301407808
20720070000,0,20,147.38541425247254,-37.70548918426295
20720070000,0,21,147.38655225212977,-37.70669063435954
20720070000,0,22,147.38638037190796,-37.70871686435888
20720070000,0,23,147.38610231174124,-37.710444924348025
20720070000,0,24,147.38397371219386,-37.709720324176985
20720080000,0,0,147.3951850281694,-37.56515434414027
20720080000,0,1,147.39571693793619,-37.566313014189234
20720080000,0,2,147.3949612477319,-37.56900478414714
20720080000,0,3,147.3950067277201,-37.56903790415092
20720080000,0,4,147.3952019976689,-37.569184404167125
20720080000,0,5,147.39539727761712,-37.56933560418335
20720080000,0,6,147.39559068756523,-37.56949041419947
20720080000,0,7,147.3957804475136,-37.56964775421532
20720080000,0,8,147.39596466746275,-37.56980654423073
20720080000,0,9,147.39614150741315,-37.56996554424557
20720080000,0,10,147.39630962736518,-37.57012294425973
20720080000,0,11,147.39646770731943,-37.57027671427308
20720080000,0,12,147.39661432727624,-37.57042490428549
20720080000,0,13,147.3967482872362,-37.570565464296855
20720080000,0,14,147.39686822719966,-37.57069646430707
20720080000,0,15,147.3969727971672,-37.570815864316
20720080000,0,16,147.3970607271392,-37.570921664323556
20720080000,0,17,147.397131277116,-37.57101285432965
20720080000,0,18,147.39718631709687,-37.571092064334465
20720080000,0,19,147.397228337081,-37.5711629043382
20720080000,0,20,147.39725979706748,-37.57122895434108
20720080000,0,21,147.3972831170555,-37.57129381434332
20720080000,0,22,147.3973008570442,-37.57136107434514
20720080000,0,23,147.39731549703268,-37.57143435434673
20720080000,0,24,147.3973294370201,-37.571517214348354
20720080000,0,25,147.39736122698994,-37.571717754352115
20720080000,0,26,147.39739579695544,-37.571949504356276
20720080000,0,27,147.39742864692005,-37.57219102436038
20720080000,0,28,147.39744309690303,-37.572308704362264
20720080000,0,29,147.39745536688713,-37.57242073436393
20720080000,0,30,147.39746506687263,-37.57252493436536
20720080000,0,31,147.39747185685962,-37.572620964366486
20720080000,0,32,147.3974755868481,-37.57270902436733
20720080000,0,33,147.39747598683812,-37.57278927436788
20720080000,0,34,147.3974728068297,-37.57286190436808
20720080000,0,35,147.39746594682276,-37.57292706436797
20720080000,0,36,147.39745503681752,-37.57298497436749
20720080000,0,37,147.39743999681377,-37.57303575436663
20720080000,0,38,147.3974205368116,-37.57307969436538
20720080000,0,39,147.3973963368111,-37.57311722436373
20720080000,0,40,147.39736706681217,-37.57314899436163
20720080000,0,41,147.39733242681476,-37.573175504359085
20720080000,0,42,147.39729205681888,-37.57319735435608
20720080000,0,43,147.39724570682455,-37.57321510435255
20720080000,0,44,147.39719299683173,-37.573229314348524
20720080000,0,45,147.39713361684045,-37.573240544343946
20720080000,0,46,147.39706732685056,-37.573249394338816
20720080000,0,47,147.39699458686204,-37.57325642433316
20720080000,0,48,147.3969157868747,-37.57326224432703
20720080000,0,49,147.396648346918,-37.573278634306206
20720080000,0,50,147.3965504569337,-37.5732857642986
20720080000,0,51,147.39644901694984,-37.57329471429071
20720080000,0,52,147.39634459696614,-37.573305964282625
20720080000,0,53,147.39623790698258,-37.573319444274354
20720080000,0,54,147.396129686999,-37.573334914266
20720080000,0,55,147.39602069701536,-37.573352174257565
20720080000,0,56,147.39591173703153,-37.57337100424916
20720080000,0,57,147.39580351704734,-37.573391174240825
20720080000,0,58,147.3956968670628,-37.57341246423261
20720080000,0,59,147.39559247707777,-37.573434644224584
20720080000,0,60,147.39549103709217,-37.57345755421679
20720080000,0,61,147.3952968971193,-37.57350461420191
20720080000,0,62,147.39520396713212,-37.57352842419478
20720080000,0,63,147.3950258471565,-37.573575654181134
20720080000,0,64,147.39469833720102,-37.57366440415608
20720080000,0,65,147.394623617211,-37.57368628415038
20720080000,0,66,147.39455295722016,-37.57370911414499
20720080000,0,67,147.39448677722837,-37.57373349413996
20720080000,0,68,147.3944258972354,-37.57376002413537
20720080000,0,69,147.39437078724117,-37.573789274131244
20720080000,0,70,147.39432209724538,-37.57382185412764
20720080000,0,71,147.39428022724798,-37.573858244124594
20720080000,0,72,147.39424496724897,-37.57389857412208
20720080000,0,73,147.39421583724845,-37.57394288412008
20720080000,0,74,147.39419244724644,-37.57399118411857
20720080000,0,75,147.39417426724307,-37.57404352411748
20720080000,0,76,147.39416097723839,-37.57409992411679
20720080000,0,77,147.3941520372324,-37.57416042411648
20720080000,0,78,147.39414703722528,-37.5742250441165
20720080000,0,79,147.39414575721696,-37.57429399411683
20720080000,0,80,147.39414842720734,-37.57436814411751
20720080000,0,81,147.39415557719622,-37.57444852411858
20720080000,0,82,147.39416762718335,-37.574536154120075
20720080000,0,83,147.39418510716857,-37.57463215412205
20720080000,0,84,147.39420839715157,-37.57473747412454
20720080000,0,85,147.39423806713225,-37.57485321412759
20720080000,0,86,147.3942744971104,-37.57498036413124
20720080000,0,87,147.39431785708578,-37.57511996413552
20720080000,0,88,147.39441903702917,-37.57543943414546
20720080000,0,89,147.39447327699762,-37.575620734150846
20720080000,0,90,147.3945274069641,-37.57581737415634
20720080000,0,91,147.39457967692897,-37.57603005416177
20720080000,0,92,147.39462828689236,-37.57625950416703
20720080000,0,93,147.3946713968546,-37.576506384171964
20720080000,0,94,147.39474268682608,-37.57663907417838
20720080000,0,95,147.39431738685738,-37.5769699841472
20720080000,0,96,147.39272342712692,-37.57697614402253
20720080000,0,97,147.39156301679307,-37.58127306395895
20720080000,0,98,147.38193453865398,-37.57942901319426
20720080000,0,99,147.371793570532,-37.57815002239346
20720080000,0,100,147.36989619088172,-37.57792406224376
20720080000,0,101,147.36813955115304,-37.578140012107866
20720080000,0,102,147.36785000130124,-37.577336982080155
20720080000,0,103,147.367175551443,-37.57711502202606
20720080000,0,104,147.36693107149006,-37.57706964200666
20720080000,0,105,147.366908261602,-37.57619359199934
20720080000,0,106,147.36690049172265,-37.57522600199262
20720080000,0,107,147.3680985215943,-37.57461902208237
20720080000,0,108,147.36866938154034,-37.57427181212478
20720080000,0,109,147.3698147213758,-37.57403057221275
20720080000,0,110,147.3707592712561,-37.57370256228449
20720080000,0,111,147.37225854106035,-37.57322802239863
20720080000,0,112,147.37361641092892,-37.57242664249969
20720080000,0,113,147.37463754088168,-37.571406012573036
20720080000,0,114,147.3752261008917,-37.570515572613395
20720080000,0,115,147.37510857100006,-37.569799012599674
20720080000,0,116,147.37420351117441,-37.56962951252787
20720080000,0,117,147.3728395814587,-37.56920001241855
20720080000,0,118,147.3717551716693,-37.56898353233243
20720080000,0,119,147.37225412163386,-37.56858491236889
20720080000,0,120,147.37341322145716,-37.568423852458466
20720080000,0,121,147.3746085612722,-37.568280012550986
20720080000,0,122,147.37526654109956,-37.568775012605535
20720080000,0,123,147.3764487808144,-37.56946160270228
20720080000,0,124,147.37740654067838,-37.56924800277581
20720080000,0,125,147.37835054054605,-37.56902301284818
20720080000,0,126,147.37901356032802,-37.56987902290543
20720080000,0,127,147.378561540289,-37.57081601287603
20720080000,0,128,147.37831889023212,-37.57161079286209
20720080000,0,129,147.37885296004166,-37.57242029290895
20720080000,0,130,147.38008355983942,-37.57236801300485
20720080000,0,131,147.38093597963365,-37.57286422307463
20720080000,0,132,147.382296549292,-37.5737630031867
20720080000,0,133,147.38314615916013,-37.573663603252484
20720080000,0,134,147.38326456919938,-37.5731830132587
20720080000,0,135,147.38287353935567,-37.57245402322351
20720080000,0,136,147.38261256954897,-37.571246343195455
20720080000,0,137,147.3821543097451,-37.57028726315356
20720080000,0,138,147.38219686986008,-37.56929697315063
20720080000,0,139,147.3829655598502,-37.568321003204545
20720080000,0,140,147.38426356968301,-37.56789201330332
20720080000,0,141,147.385756279507,-37.567268003416125
20720080000,0,142,147.38689890942925,-37.56632811349953
20720080000,0,143,147.38817541927793,-37.565800973596026
20720080000,0,144,147.38966253899605,-37.56604201371386
20720080000,0,145,147.39073939877335,-37.56636696380017
20720080000,0,146,147.39248041848649,-37.56629971393593
20720080000,0,147,147.39377061831945,-37.56588135403422
20720080000,0,148,147.39463653822946,-37.56542102409905
20720080000,0,149,147.3951850281694,-37.56515434414027
20720090000,0,0,147.60703217170047,-37.48962524032706
20720090000,0,1,147.52851553613795,-37.480113014068806
20720090000,0,2,147.52837052613083,-37.480368024059
20720090000,0,3,147.52528276669904,-37.479989683813365
20720090000,0,4,147.52454028687734,-37.479562553752174
20720090000,0,5,147.52333691707045,-37.479643893657915
20720090000,0,6,147.52323449732737,-37.47771162363758
20720090000,0,7,147.5254619870043,-37.47728449381031
20720090000,0,8,147.5245658772968,-37.47614547373248
20720090000,0,9,147.5171665587476,-37.47451830313949
20720090000,0,10,147.51578396917762,-37.47293181302055
20720090000,0,11,147.5139405095871,-37.4721385528704
20720090000,0,12,147.5128395897301,-37.47248434278592
20720090000,0,13,147.508973510554,-37.471101242472855
20720090000,0,14,147.50165099231646,-37.46685024186971
20720090000,0,15,147.50021720287324,-37.464307761740756
20720090000,0,16,147.50042204313831,-37.4618873317415
20720090000,0,17,147.49822014377173,-37.459772011554875
20720090000,0,18,147.49788730406453,-37.457860071516535
20720090000,0,19,147.49599265460319,-37.45609051135628
20720090000,0,20,147.49517334496792,-37.454259931280234
20720090000,0,21,147.4962230851684,-37.4512089813434
20720090000,0,22,147.49478928547822,-37.45065981122715
20720090000,0,23,147.49366275601042,-37.44789360112098
20720090000,0,24,147.4946356961307,-37.445595211182884
20720090000,0,25,147.49717040600262,-37.44317479136686
20720090000,0,26,147.49711919609433,-37.44250359135856
20720090000,0,27,147.49893704616775,-37.43943227148201
20720090000,0,28,147.49645350656638,-37.439595001287714
20720090000,0,29,147.49601824697942,-37.436849161236026
20720090000,0,30,147.49645350703182,-37.43583215126379
20720090000,0,31,147.49578782731757,-37.43442871120252
20720090000,0,32,147.49650471752378,-37.43178456124209
20720090000,0,33,147.4959670376899,-37.43117437119593
20720090000,0,34,147.4957878282558,-37.42684201115429
20720090000,0,35,147.4941236386746,-37.42572331101631
20720090000,0,36,147.49389317882154,-37.42484870099262
20720090000,0,37,147.49450765895944,-37.42289610102853
20720090000,0,38,147.49432844911283,-37.42189945100811
20720090000,0,39,147.49714481875398,-37.42096383122366
20720090000,0,40,147.49701677911753,-37.418197621195986
20720090000,0,41,147.49962831882092,-37.41703826139402
20720090000,0,42,147.5009084787285,-37.416041631488376
20720090000,0,43,147.502547078709,-37.413966971604104
20720090000,0,44,147.50239348896125,-37.41213639158037
20720090000,0,45,147.50142053927348,-37.41093635149619
20720090000,0,46,147.50236789944836,-37.40823117155352
20720090000,0,47,147.50398086955644,-37.40515987166088
20720090000,0,48,147.50285432994727,-37.40353269156189
20720090000,0,49,147.4997051506686,-37.40198689130433
20720090000,0,50,147.49978195077884,-37.400990231304036
20720090000,0,51,147.49760567135885,-37.399261351121844
20720090000,0,52,147.49743157164522,-37.39718103109494
20720090000,0,53,147.49870655150943,-37.39654302119114
20720090000,0,54,147.4990165415928,-37.39544603120856
20720090000,0,55,147.5000855514927,-37.394800021288525
20720090000,0,56,147.50315356103178,-37.394351031527016
20720090000,0,57,147.50665658076406,-37.39174702178606
20720090000,0,58,147.5068231610697,-37.389047741782
20720090000,0,59,147.50865411076185,-37.38904530192605
20720090000,0,60,147.51204025051365,-37.386443942175994
20720090000,0,61,147.51194955122148,-37.380841022133204
20720090000,0,62,147.5142195208886,-37.380445022309345
20720090000,0,63,147.51500256042505,-37.383129022388076
20720090000,0,64,147.5166058201026,-37.383555672517005
20720090000,0,65,147.52153853949594,-37.38175101289391
20720090000,0,66,147.52232755944883,-37.38105902295163
20720090000,0,67,147.52378255918526,-37.38121102306717
20720090000,0,68,147.52488854877507,-37.38302302316581
20720090000,0,69,147.52923554784962,-37.384593023518235
20720090000,0,70,147.53684955670013,-37.38353203411139
20720090000,0,71,147.5368615669705,-37.381331034098345
20720090000,0,72,147.537969556897,-37.38041901417984
20720090000,0,73,147.55015022466796,-37.38187637514942
20720090000,0,74,147.55152656441584,-37.38204335525902
20720090000,0,75,147.55237902411108,-37.38334625533455
20720090000,0,76,147.54344127530123,-37.385875204645885
20720090000,0,77,147.54170131555978,-37.386151184510474
20720090000,0,78,147.53980335578922,-37.3868771843655
20720090000,0,79,147.5373113861465,-37.38737716417228
20720090000,0,80,147.53561143635204,-37.38802717404245
20720090000,0,81,147.53486647641537,-37.38852817398692
20720090000,0,82,147.53483847641968,-37.388531173984745
20720090000,0,83,147.53471645643813,-37.38854817397524
20720090000,0,84,147.53445847647495,-37.38860117395524
20720090000,0,85,147.5341934865067,-37.38870516393502
20720090000,0,86,147.53407847652306,-37.38872918392611
20720090000,0,87,147.53395747653846,-37.388769173916835
20720090000,0,88,147.53384250655486,-37.388793173907935
20720090000,0,89,147.53370650657203,-37.3888391838975
20720090000,0,90,147.53354152659608,-37.38886916388469
20720090000,0,91,147.53340552661822,-37.38887516387402
20720090000,0,92,147.5332905166361,-37.388887163865014
20720090000,0,93,147.53316849665725,-37.38888217385539
20720090000,0,94,147.53278849671102,-37.388964163825975
20720090000,0,95,147.53267450672598,-37.38899817381719
20720090000,0,96,147.53253149674214,-37.38906216380635
20720090000,0,97,147.53240253675244,-37.38915416379676
20720090000,0,98,147.53227354676622,-37.389218153787006
20720090000,0,99,147.53213754678475,-37.38925315377652
20720090000,0,100,147.53200852680573,-37.389259143766374
20720090000,0,101,147.53158851688235,-37.38921116373299
20720090000,0,102,147.53153551688348,-37.38927415372922
20720090000,0,103,147.53145653688833,-37.389342153723426
20720090000,0,104,147.53134254690048,-37.3893991537148
20720090000,0,105,147.53119154692,-37.38944614370321
20720090000,0,106,147.53084851696624,-37.38953914367677
20720090000,0,107,147.53073357697843,-37.389597143668084
20720090000,0,108,147.5306195569883,-37.38967216365958
20720090000,0,109,147.53052658699255,-37.38976416365285
20720090000,0,110,147.530398587002,-37.389862173643394
20720090000,0,111,147.5302835670143,-37.38991917363468
20720090000,0,112,147.53016257702535,-37.38999417362563
20720090000,0,113,147.53004055703724,-37.390064173616466
20720090000,0,114,147.52993357704312,-37.39016217360866
20720090000,0,115,147.52983356704794,-37.3902591636014
20720090000,0,116,147.52959057707238,-37.390392163583094
20720090000,0,117,147.52931956709517,-37.390576163562926
20720090000,0,118,147.52919857710478,-37.39066317355394
20720090000,0,119,147.5290765571153,-37.39074416354485
20720090000,0,120,147.52892657713272,-37.39080717353344
20720090000,0,121,147.52869757715405,-37.390946163516276
20720090000,0,122,147.52856960716844,-37.39100418350656
20720090000,0,123,147.52844758717904,-37.39108417349747
20720090000,0,124,147.52833359718747,-37.39117119348904
20720090000,0,125,147.52821861720113,-37.39121718348028
20720090000,0,126,147.52808360721247,-37.39130919347023
20720090000,0,127,147.52781861723776,-37.391465183450336
20720090000,0,128,147.52769761725094,-37.39152319344118
20720090000,0,129,147.52743259728192,-37.39163319342101
20720090000,0,130,147.5272965972949,-37.3917131934108
20720090000,0,131,147.5271585873102,-37.391777183400336
20720090000,0,132,147.52701061732583,-37.391852183389155
20720090000,0,133,147.52678161734718,-37.39199119337201
20720090000,0,134,147.52666057735973,-37.39205418336288
20720090000,0,135,147.5264816173791,-37.39214119334934
20720090000,0,136,147.52623060741055,-37.39222819333011
20720090000,0,137,147.52609559742325,-37.39230918332
20720090000,0,138,147.52593061744037,-37.39239521330755
20720090000,0,139,147.52580264745473,-37.39245321329784
20720090000,0,140,147.52567365747137,-37.39249420328794
20720090000,0,141,147.5254876174934,-37.392569203273766
20720090000,0,142,147.52536563750326,-37.392655213264696
20720090000,0,143,147.52525164751393,-37.392724213256166
20720090000,0,144,147.52496562753842,-37.39291521323485
20720090000,0,145,147.52485163754983,-37.392978203226285
20720090000,0,146,147.52464165756768,-37.393119213210625
20720090000,0,147,147.52456361757504,-37.393166203204785
20720090000,0,148,147.52442962758937,-37.393232203194664
20720090000,0,149,147.52419365761554,-37.39334220317677
20720090000,0,150,147.52394362764187,-37.393469213157886
20720090000,0,151,147.52382164765882,-37.39349822314846
20720090000,0,152,147.52369261767484,-37.39354423313859
20720090000,0,153,147.5234796476985,-37.39364222312244
20720090000,0,154,147.52331560771762,-37.39371123310997
20720090000,0,155,147.52319366773244,-37.39375722310067
20720090000,0,156,147.52307967774234,-37.39383221309217
20720090000,0,157,147.52296466775528,-37.393884223083425
20720090000,0,158,147.5228506777673,-37.39394222307483
20720090000,0,159,147.52273566777737,-37.39401721306624
20720090000,0,160,147.5226216777886,-37.39408123305767
20720090000,0,161,147.52250764780078,-37.39413822304907
20720090000,0,162,147.52239263781502,-37.39417922304027
20720090000,0,163,147.5221566678419,-37.394283233022335
20720090000,0,164,147.5220426778518,-37.39435823301385
20720090000,0,165,147.521927667864,-37.39441622300515
20720090000,0,166,147.5218066678758,-37.39448523299606
20720090000,0,167,147.5216846478857,-37.394571222987004
20720090000,0,168,147.5215776678916,-37.394669252979206
20720090000,0,169,147.52151367789097,-37.394761252974746
20720090000,0,170,147.5214716678867,-37.39485325297203
20720090000,0,171,147.52144367788,-37.3949452529704
20720090000,0,172,147.52142969786826,-37.39505925297003
20720090000,0,173,147.5214376878555,-37.39515125297125
20720090000,0,174,147.52145965784055,-37.39524225297355
20720090000,0,175,147.52151064781998,-37.39533924297819
20720090000,0,176,147.52159065779375,-37.39544223298515
20720090000,0,177,147.52165566776947,-37.39555024299095
20720090000,0,178,147.5216996477507,-37.395642242995
20720090000,0,179,147.52175768772963,-37.395733243000144
20720090000,0,180,147.52182965770618,-37.39582524300639
20720090000,0,181,147.52191663768028,-37.395916243013836
20720090000,0,182,147.52201066765318,-37.39600724302181
20720090000,0,183,147.5221406376187,-37.3961092330327
20720090000,0,184,147.5222126575952,-37.39620123303895
20720090000,0,185,147.52224966757697,-37.39629825304249
20720090000,0,186,147.52224265756686,-37.39638925304251
20720090000,0,187,147.5222296675577,-37.396481253042076
20720090000,0,188,147.5221506775596,-37.39657325303644
20720090000,0,189,147.5220296775743,-37.39661924302721
20720090000,0,190,147.5219146675871,-37.396672243018486
20720090000,0,191,147.5217996576015,-37.39671224300969
20720090000,0,192,147.52168566761847,-37.39673024300082
20720090000,0,193,147.5215706576321,-37.39677625299206
20720090000,0,194,147.52149966763196,-37.39687424298708
20720090000,0,195,147.52148571762228,-37.396971242986616
20720090000,0,196,147.5214867076101,-37.397068252987296
20720090000,0,197,147.5215236775925,-37.3971602529908
20720090000,0,198,147.52156568754583,-37.39748027299613
20720090000,0,199,147.52156068753592,-37.39756725299631
20720090000,0,200,147.52151871750746,-37.39785426299481
20720090000,0,201,147.5214906875002,-37.39795126299324
20720090000,0,202,147.52141370748828,-37.39815226298846
20720090000,0,203,147.52137169747976,-37.39827826298594
20720090000,0,204,147.52135771746802,-37.39839226298558
20720090000,0,205,147.52133771745713,-37.39850726298472
20720090000,0,206,147.52133070744486,-37.398616262984866
20720090000,0,207,147.5213166874358,-37.39870826298436
20720090000,0,208,147.52131070742348,-37.39881626298457
20720090000,0,209,147.5213257074088,-37.398914262986374
20720090000,0,210,147.52135570738758,-37.39904526298956
20720090000,0,211,147.52141370735515,-37.3992282629953
20720090000,0,212,147.52143567733947,-37.399325252997635
20720090000,0,213,147.5215156873146,-37.39941727300453
20720090000,0,214,147.52163069728476,-37.39950228301413
20720090000,0,215,147.5217326772563,-37.39959328302274
20720090000,0,216,147.52171869724654,-37.39969128302226
20720090000,0,217,147.5215836872438,-37.39989727301294
20720090000,0,218,147.52155568723634,-37.399995293011365
20720090000,0,219,147.52154868722556,-37.40009228301143
20720090000,0,220,147.52160770719013,-37.40029828301739
20720090000,0,221,147.52160868717795,-37.40039528301808
20720090000,0,222,147.52165266715858,-37.40049227302216
20720090000,0,223,147.52167471714347,-37.400584273024485
20720090000,0,224,147.52170369712732,-37.400675273027346
20720090000,0,225,147.52168971711828,-37.40076727302682
20720090000,0,226,147.52164869709895,-37.400979283024945
20720090000,0,227,147.52165668708625,-37.40107128302615
20720090000,0,228,147.52168570707008,-37.401162293029024
20720090000,0,229,147.5217587070352,-37.40134529303595
20720090000,0,230,147.52180969701521,-37.40143727304054
20720090000,0,231,147.52185371699653,-37.40152827304459
20720090000,0,232,147.52174570700333,-37.40162027303666
20720090000,0,233,147.52161770701693,-37.40168428302698
20720090000,0,234,147.5215026970321,-37.40171828301814
20720090000,0,235,147.52131668705118,-37.40181730300413
20720090000,0,236,147.52119470706754,-37.40185130299474
20720090000,0,237,147.52105169708722,-37.40188630298371
20720090000,0,238,147.5209736970974,-37.40191030297771
20720090000,0,239,147.5208947171071,-37.401939302971684
20720090000,0,240,147.520800687118,-37.40197930296453
20720090000,0,241,147.5206867371321,-37.40202030295581
20720090000,0,242,147.52056471714835,-37.40205530294643
20720090000,0,243,147.5202997271871,-37.402102292925875
20720090000,0,244,147.52017774720403,-37.402131302916445
20720090000,0,245,147.52006371721683,-37.4021833029078
20720090000,0,246,147.51994173723168,-37.402229292898475
20720090000,0,247,147.5198127072561,-37.40220729288818
20720090000,0,248,147.51969772727892,-37.40217930287896
20720090000,0,249,147.51954672730722,-37.40215629286692
20720090000,0,250,147.51917271738057,-37.40207230283693
20720090000,0,251,147.51905072739885,-37.40209030282745
20720090000,0,252,147.51892870741509,-37.40212530281806
20720090000,0,253,147.51879271743078,-37.40218330280772
20720090000,0,254,147.51867872744577,-37.40221730279896
20720090000,0,255,147.51854272746644,-37.40223530278837
20720090000,0,256,147.51842771748284,-37.40225932277947
20720090000,0,257,147.51826273750282,-37.40232231276688
20720090000,0,258,147.51814071751903,-37.4023573127575
20720090000,0,259,147.51786174755873,-37.4024163127359
20720090000,0,260,147.51773972757502,-37.402450312726515
20720090000,0,261,147.51761774759186,-37.40248032271711
20720090000,0,262,147.51748174761397,-37.402486312706436
20720090000,0,263,147.51735972763515,-37.4024813226968
20720090000,0,264,147.51721572766496,-37.402436302685174
20720090000,0,265,147.5170867376895,-37.40241331267486
20720090000,0,266,147.51697172771023,-37.40240232266576
20720090000,0,267,147.51684974773562,-37.402363322655894
20720090000,0,268,147.51672673776758,-37.40227232264563
20720090000,0,269,147.51661172779325,-37.40222132263625
20720090000,0,270,147.51646671781558,-37.402238322624946
20720090000,0,271,147.51638772782712,-37.402252322618814
20720090000,0,272,147.5162317278472,-37.40230231260686
20720090000,0,273,147.51610273785894,-37.40238332259721
20720090000,0,274,147.51600272786436,-37.40247532258993
20720090000,0,275,147.51599670785262,-37.4025783125901
20720090000,0,276,147.51597571784407,-37.40267631258907
20720090000,0,277,147.51594071783794,-37.40277332258693
20720090000,0,278,147.51587672783734,-37.402865322582485
20720090000,0,279,147.51579773783848,-37.40296333257688
20720090000,0,280,147.51578471782943,-37.40305434257644
20720090000,0,281,147.51582770781008,-37.40315233258044
20720090000,0,282,147.51587873778885,-37.403254342585115
20720090000,0,283,147.5158657377797,-37.40334634258468
20720090000,0,284,147.5158667277569,-37.40352934258592
20720090000,0,285,147.5159027177394,-37.40362134258934
20720090000,0,286,147.51591775772565,-37.403712322591105
20720090000,0,287,147.5159187377141,-37.40380432259177
20720090000,0,288,147.51589775770566,-37.40390134259072
20720090000,0,289,147.5158337277043,-37.403999332586324
20720090000,0,290,147.5157487277072,-37.40409133258021
20720090000,0,291,147.51559877770688,-37.40429833256972
20720090000,0,292,147.51560677769277,-37.404401342571
20720090000,0,293,147.51566473767102,-37.40449833257618
20720090000,0,294,147.51571576764968,-37.40460134258087
20720090000,0,295,147.51578175762447,-37.404715342586776
20720090000,0,296,147.51586774759872,-37.40480634259413
20720090000,0,297,147.51591074758147,-37.40488733259803
20720090000,0,298,147.51594074756306,-37.40499534260108
20720090000,0,299,147.51590578755693,-37.40509233259895
20720090000,0,300,147.51584274755467,-37.405196342594635
20720090000,0,301,147.51574978755906,-37.40528736258789
20720090000,0,302,147.51566374756143,-37.405385352581746
20720090000,0,303,147.51562177755716,-37.40547735257903
20720090000,0,304,147.51555775755443,-37.40558636257469
20720090000,0,305,147.51554475754313,-37.40569536257435
20720090000,0,306,147.51555877752875,-37.40579235257607
20720090000,0,307,147.5155597675165,-37.405890352576776
20720090000,0,308,147.51552475751112,-37.405981352574585
20720090000,0,309,147.51547475750814,-37.406073352571255
20720090000,0,310,147.51540375750875,-37.40616535256625
20720090000,0,311,147.51536178750442,-37.40625735256352
20720090000,0,312,147.51535477749422,-37.40634935256356
20720090000,0,313,147.51538474747505,-37.40646335256663
20720090000,0,314,147.51547778744816,-37.40655435257455
20720090000,0,315,147.51559377741734,-37.40664535258426
20720090000,0,316,147.51566575739324,-37.406742352590534
20720090000,0,317,147.5156737873805,-37.40683435259176
20720090000,0,318,147.515688757366,-37.40693134259355
20720090000,0,319,147.515610757367,-37.407029362588034
20720090000,0,320,147.51552475737012,-37.407121362581854
20720090000,0,321,147.51536776738723,-37.40719636256997
20720090000,0,322,147.51523173740296,-37.40725437255963
20720090000,0,323,147.5151097574192,-37.40728937255025
20720090000,0,324,147.51498076743385,-37.40734637254046
20720090000,0,325,147.51475176746243,-37.40742737252295
20720090000,0,326,147.51463776746874,-37.40753137251464
20720090000,0,327,147.51459575746443,-37.40762337251191
20720090000,0,328,147.5145597674591,-37.40771537250967
20720090000,0,329,147.5145967474409,-37.4078123725132
20720090000,0,330,147.51471175741383,-37.40787436252264
20720090000,0,331,147.51482775738725,-37.40793138253214
20720090000,0,332,147.51494276735664,-37.408022362541764
20720090000,0,333,147.51495776734137,-37.40812537254361
20720090000,0,334,147.514965757328,-37.40822237254484
20720090000,0,335,147.51501674730667,-37.40832537254952
20720090000,0,336,147.51511778727698,-37.408428362558126
20720090000,0,337,147.5151757472559,-37.40851936256327
20720090000,0,338,147.51520476723903,-37.40861638256617
20720090000,0,339,147.5152207472122,-37.40881137256868
20720090000,0,340,147.51521377720204,-37.40890337256871
20720090000,0,341,147.51518578719546,-37.408994372567086
20720090000,0,342,147.51510774719645,-37.40909237256155
20720090000,0,343,147.51497875721103,-37.40915036255177
20720090000,0,344,147.51473573723982,-37.40924838253327
20720090000,0,345,147.51459272725737,-37.40930138252236
20720090000,0,346,147.51447775726965,-37.409358402513675
20720090000,0,347,147.51436376728452,-37.40939340250491
20720090000,0,348,147.5142277672968,-37.40947939249475
20720090000,0,349,147.51411574730835,-37.409538382486296
20720090000,0,350,147.51403676731843,-37.40956439248025
20720090000,0,351,147.51391974733355,-37.40960139247128
20720090000,0,352,147.51367676735518,-37.409757392453145
20720090000,0,353,147.5135197373731,-37.409826392441225
20720090000,0,354,147.51340476738525,-37.40988439243255
20720090000,0,355,147.5132908173946,-37.40996438242408
20720090000,0,356,147.51309079740534,-37.41014938240952
20720090000,0,357,147.51296979740943,-37.410281402400834
20720090000,0,358,147.5128417874055,-37.41048739239206
20720090000,0,359,147.51268578740903,-37.41067140238094
20720090000,0,360,147.51262180740764,-37.410769412376546
20720090000,0,361,147.51252876741057,-37.41087240236988
20720090000,0,362,147.51247879740689,-37.41097041236657
20720090000,0,363,147.51246580739496,-37.41108441236627
20720090000,0,364,147.51255278736397,-37.41121641237397
20720090000,0,365,147.51263877733825,-37.41130741238131
20720090000,0,366,147.51273378731025,-37.411404402389394
20720090000,0,367,147.51287080727457,-37.41150641240084
20720090000,0,368,147.51296479724732,-37.41159841240882
20720090000,0,369,147.51299380723117,-37.41168941241168
20720090000,0,370,147.51300877721667,-37.41178641241348
20720090000,0,371,147.51303078720156,-37.411878412415795
20720090000,0,372,147.51308878718055,-37.41196941242094
20720090000,0,373,147.51320478715323,-37.41203240243048
20720090000,0,374,147.5133188071292,-37.41207140243969
20720090000,0,375,147.51344181710428,-37.41210541244959
20720090000,0,376,147.51356379708238,-37.41211641245926
20720090000,0,377,147.51369278705644,-37.41215042246962
20720090000,0,378,147.51393080700583,-37.4122354024889
20720090000,0,379,147.51403880697637,-37.41232641249799
20720090000,0,380,147.51408278695772,-37.41241741250202
20720090000,0,381,147.514104766942,-37.41251440250438
20720090000,0,382,147.51415578692206,-37.41260640250898
20720090000,0,383,147.51419276690385,-37.412703402512506
20720090000,0,384,147.51422181688767,-37.41279440251536
20720090000,0,385,147.51422280687612,-37.41288640251603
20720090000,0,386,147.51426579685688,-37.41298342252003
20720090000,0,387,147.51429580684044,-37.41307542252299
20720090000,0,388,147.51436077681825,-37.413166402528674
20720090000,0,389,147.51440479678666,-37.41336141253338
20720090000,0,390,147.51439880677572,-37.41345840253352
20720090000,0,391,147.51438478676536,-37.41356141253307
20720090000,0,392,147.5143778167545,-37.41365841253314
20720090000,0,393,147.51433679673653,-37.413859412531195
20720090000,0,394,147.51433080672567,-37.413955402531336
20720090000,0,395,147.5143508067145,-37.41401842253332
20720090000,0,396,147.51438281670133,-37.414081412536234
20720090000,0,397,147.51443180668443,-37.414151412540534
20720090000,0,398,147.51450480666085,-37.41424241254687
20720090000,0,399,147.51456984663787,-37.41433941255259
20720090000,0,400,147.51462079661803,-37.41443041255719
20720090000,0,401,147.51469981659275,-37.41452741256402
20720090000,0,402,147.51476584656817,-37.41463641256991
20720090000,0,403,147.5148447965436,-37.4147274125767
20720090000,0,404,147.51486680652852,-37.41481941257903
20720090000,0,405,147.5149178365058,-37.41493341258376
20720090000,0,406,147.51494079648708,-37.415053402586324
20720090000,0,407,147.5149698464702,-37.41515041258925
20720090000,0,408,147.51506383644312,-37.41524141259721
20720090000,0,409,147.5152378363898,-37.41543541261215
20720090000,0,410,147.51528882636848,-37.415538412616826
20720090000,0,411,147.5154058363105,-37.415847402627996
20720090000,0,412,147.51544879629202,-37.415938402631944
20720090000,0,413,147.51547080627554,-37.41604141263434
20720090000,0,414,147.51550782625807,-37.41613241263783
20720090000,0,415,147.5155518062393,-37.416224412641874
20720090000,0,416,147.51565980620978,-37.41631541265096
20720090000,0,417,147.51578981618024,-37.41637741266158
20720090000,0,418,147.51591881615207,-37.416429412672066
20720090000,0,419,147.51603382612655,-37.416479422681455
20720090000,0,420,147.51614981609922,-37.41654241269098
20720090000,0,421,147.5162647960678,-37.41663940270066
20720090000,0,422,147.51635881603934,-37.4167414127087
20720090000,0,423,147.51644681600186,-37.416924412716796
20720090000,0,424,147.51649083598173,-37.41702740272091
20720090000,0,425,147.51649182595818,-37.4172164027222
20720090000,0,426,147.51649981594485,-37.417313412723445
20720090000,0,427,147.5164798159092,-37.417628412723865
20720090000,0,428,147.51648780589647,-37.41772041272509
20720090000,0,429,147.51652482587403,-37.417851432728845
20720090000,0,430,147.5165758158527,-37.417954422733494
20720090000,0,431,147.5166128258337,-37.418057432737065
20720090000,0,432,147.51664183581536,-37.41816643274005
20720090000,0,433,147.51669279579397,-37.41826942274472
20720090000,0,434,147.51676480576984,-37.41836643275101
20720090000,0,435,147.51683083574602,-37.418469422756864
20720090000,0,436,147.51687383572687,-37.41856542276084
20720090000,0,437,147.51689679571012,-37.41866943276331
20720090000,0,438,147.51698479565928,-37.4189604327721
20720090000,0,439,147.51699983564328,-37.41906943277397
20720090000,0,440,147.51700782562995,-37.41916643277522
20720090000,0,441,147.51702282561465,-37.41926942277705
20720090000,0,442,147.51703085560058,-37.41937243277833
20720090000,0,443,147.51704585558662,-37.41946443278011
20720090000,0,444,147.51704786554956,-37.41976143278215
20720090000,0,445,147.51707684553327,-37.41985343278502
20720090000,0,446,147.51707184552234,-37.41994842278523
20720090000,0,447,147.51705585551727,-37.42001142278438
20720090000,0,448,147.5170308555137,-37.4200744327828
20720090000,0,449,147.51690686552354,-37.42016343277362
20720090000,0,450,147.51678484553838,-37.4202094227643
20720090000,0,451,147.5166558555558,-37.420244422754365
20720090000,0,452,147.51650485558258,-37.420233422742406
20720090000,0,453,147.51637586560852,-37.42019943273203
20720090000,0,454,147.51623884563077,-37.420206432721294
20720090000,0,455,147.51608185564507,-37.42030442270956
20720090000,0,456,147.51594585566082,-37.42036242269921
20720090000,0,457,147.51583084567582,-37.420397422690385
20720090000,0,458,147.5156958356893,-37.42047244268024
20720090000,0,459,147.5155738456992,-37.42055844267119
20720090000,0,460,147.51542383571808,-37.420610452659695
20720090000,0,461,147.51527984573934,-37.42063444264852
20720090000,0,462,147.5151508557575,-37.42066345263855
20720090000,0,463,147.5149718557812,-37.420715452624776
20720090000,0,464,147.51480687580542,-37.42074444261199
20720090000,0,465,147.51468485582225,-37.42077445260256
20720090000,0,466,147.51457086583937,-37.42079145259371
20720090000,0,467,147.51444884585484,-37.420832452584364
20720090000,0,468,147.5143268658676,-37.42089544257516
20720090000,0,469,147.5141838558866,-37.420936442564155
20720090000,0,470,147.5140698659001,-37.42098245255547
20720090000,0,471,147.51392587591928,-37.42102344254441
20720090000,0,472,147.513775855941,-37.421052452532784
20720090000,0,473,147.5136108459615,-37.42111145252017
20720090000,0,474,147.51349583597738,-37.4211394425113
20720090000,0,475,147.51323784601072,-37.42122146249151
20720090000,0,476,147.51310987602224,-37.42130246248195
20720090000,0,477,147.512994906031,-37.42138846247343
20720090000,0,478,147.51285890604535,-37.421457472463175
20720090000,0,479,147.51273790606217,-37.42148646245384
20720090000,0,480,147.5125868760846,-37.42151047244211
20720090000,0,481,147.51245087610394,-37.42153946243159
20720090000,0,482,147.51232889611524,-37.42161446242247
20720090000,0,483,147.51225088611488,-37.42172346241701
20720090000,0,484,147.51216485611795,-37.42181546241082
20720090000,0,485,147.51212989611176,-37.42191346240871
20720090000,0,486,147.51204086611733,-37.42198946240218
20720090000,0,487,147.51198991611813,-37.42205247239856
20720090000,0,488,147.5119638861197,-37.42207546239667
20720090000,0,489,147.51195286610752,-37.42218846239652
20720090000,0,490,147.511988856088,-37.42229746240004
20720090000,0,491,147.51206189606444,-37.422388462406374
20720090000,0,492,147.5121198960434,-37.422479472411524
20720090000,0,493,147.51221391601618,-37.42257147241951
20720090000,0,494,147.51232889598418,-37.42267346242919
20720090000,0,495,147.51240886595946,-37.42276446243606
20720090000,0,496,147.51246689593827,-37.422856462441224
20720090000,0,497,147.5125028859195,-37.42295947244472
20720090000,0,498,147.51255489588598,-37.423159472450074
20720090000,0,499,147.5126358958462,-37.42337046245778
20720090000,0,500,147.51268589582432,-37.42347946246242
20720090000,0,501,147.51278787578445,-37.423662472471605
20720090000,0,502,147.5128318957658,-37.42375347247565
20720090000,0,503,147.51286087574815,-37.42385646247858
20720090000,0,504,147.51293391570962,-37.424068472485686
20720090000,0,505,147.51298588568676,-37.42418248249051
20720090000,0,506,147.51308487564683,-37.424370482499484
20720090000,0,507,147.51314189562942,-37.424433492504384
20720090000,0,508,147.51321788560878,-37.42449648251076
20720090000,0,509,147.513303875588,-37.424547492517846
20720090000,0,510,147.51343389555768,-37.42461546252852
20720090000,0,511,147.51367088550796,-37.42469447254768
20720090000,0,512,147.51378589548017,-37.424762462557155
20720090000,0,513,147.5139098854452,-37.42487645256765
20720090000,0,514,147.5139748954179,-37.42500847257361
20720090000,0,515,147.51401186539607,-37.42513446257731
20720090000,0,516,147.51405490537618,-37.42523646258135
20720090000,0,517,147.51413487535058,-37.42533448258827
20720090000,0,518,147.51425791532145,-37.42540247259839
20720090000,0,519,147.51438690529625,-37.42543046260872
20720090000,0,520,147.51450888527148,-37.42546446261854
20720090000,0,521,147.51461791524125,-37.425560462627736
20720090000,0,522,147.51469788521294,-37.42568046263479
20720090000,0,523,147.51474088519288,-37.425783452638825
20720090000,0,524,147.51477789517256,-37.42589747264247
20720090000,0,525,147.51478588515843,-37.42600048264375
20720090000,0,526,147.5148439251337,-37.42612149264909
20720090000,0,527,147.51490192511133,-37.4262234826543
20720090000,0,528,147.5149739350878,-37.42631548266056
20720090000,0,529,147.5150759150587,-37.426411472669194
20720090000,0,530,147.51515493503402,-37.42650347267601
20720090000,0,531,147.51525589500497,-37.42660049268457
20720090000,0,532,147.51532692498571,-37.426659482690525
20720090000,0,533,147.51540591496578,-37.42671349269708
20720090000,0,534,147.5156239249149,-37.42682746271499
20720090000,0,535,147.515746934885,-37.426901462725134
20720090000,0,536,147.51586194485932,-37.42695247273451
20720090000,0,537,147.51609992480238,-37.427088462754114
20720090000,0,538,147.51622292477387,-37.42715146276419
20720090000,0,539,147.5164819347155,-37.42727047278535
20720090000,0,540,147.5166039146886,-37.42732147279526
20720090000,0,541,147.51674086466204,-37.42734946280624
20720090000,0,542,147.51686288463517,-37.427400472816174
20720090000,0,543,147.51699986460866,-37.42742846282713
20720090000,0,544,147.51717189457332,-37.427479462841
20720090000,0,545,147.51734486453861,-37.427524472854905
20720090000,0,546,147.51746688451536,-37.42754647286465
20720090000,0,547,147.51759686449134,-37.427563472874986
20720090000,0,548,147.51772588446897,-37.42756846288518
20720090000,0,549,147.51786287444241,-37.42759645289615
20720090000,0,550,147.51799186441875,-37.427612462906396
20720090000,0,551,147.51811388439455,-37.42764146291619
20720090000,0,552,147.51825090436873,-37.42766346292712
20720090000,0,553,147.51855987430838,-37.42773047295187
20720090000,0,554,147.51869587428337,-37.42774747296268
20720090000,0,555,147.51881789426292,-37.42774647297229
20720090000,0,556,147.51894787423964,-37.42775746298259
20720090000,0,557,147.5190768642179,-37.42775746299275
20720090000,0,558,147.51933586416956,-37.42779546301338
20720090000,0,559,147.51946485414425,-37.427824473023726
20720090000,0,560,147.5195878641187,-37.427863463033646
20720090000,0,561,147.51970287409364,-37.427909463043015
20720090000,0,562,147.5198398940594,-37.42799946305438
20720090000,0,563,147.519954874028,-37.42809647306403
20720090000,0,564,147.52007090400065,-37.42815946307358
20720090000,0,565,147.52016190397637,-37.42823145308119
20720090000,0,566,147.52021588393868,-37.42846246308692
20720090000,0,567,147.5201958839287,-37.42857046308603
20720090000,0,568,147.52027388390093,-37.428688473092926
20720090000,0,569,147.52034786387833,-37.42877046309926
20720090000,0,570,147.5204628738498,-37.428844463108796
20720090000,0,571,147.52058486382498,-37.428878473118615
20720090000,0,572,147.52070085379916,-37.42892947312807
20720090000,0,573,147.52080189377088,-37.42902045313661
20720090000,0,574,147.52085988374907,-37.429117473141794
20720090000,0,575,147.5208958737316,-37.42920947314521
20720090000,0,576,147.52091887371648,-37.4293004731476
20720090000,0,577,147.52100486369073,-37.42939147315496
20720090000,0,578,147.52112086366262,-37.42946046316453
20720090000,0,579,147.52122189363433,-37.429551463173055
20720090000,0,580,147.52125087361668,-37.429654473176
20720090000,0,581,147.52125890360335,-37.429751463177254
20720090000,0,582,147.52122386359784,-37.42984346317508
20720090000,0,583,147.52120287359014,-37.429934473173994
20720090000,0,584,147.52121788357547,-37.4300324631758
20720090000,0,585,147.52124689355782,-37.43013547317874
20720090000,0,586,147.52140687350683,-37.430329463192564
20720090000,0,587,147.52152188347978,-37.43039147320202
20720090000,0,588,147.5217808534271,-37.43046447322289
20720090000,0,589,147.5219028734016,-37.43050447323275
20720090000,0,590,147.52201887337498,-37.43056147324224
20720090000,0,591,147.52209789335038,-37.43065247324904
20720090000,0,592,147.5221128633366,-37.43074347325079
20720090000,0,593,147.522142903318,-37.430852453253856
20720090000,0,594,147.52214388329517,-37.4310354632551
20720090000,0,595,147.52212990328482,-37.431138463254634
20720090000,0,596,147.5220878932805,-37.43123046325193
20720090000,0,597,147.5220308832772,-37.43133447324811
20720090000,0,598,147.521966893276,-37.43143147324369
20720090000,0,599,147.52190992327345,-37.43152946323981
20720090000,0,600,147.5218389232727,-37.43163247323488
20720090000,0,601,147.52175392327487,-37.43173046322881
20720090000,0,602,147.52168993327362,-37.431827463224394
20720090000,0,603,147.5215979132728,-37.43195946321798
20720090000,0,604,147.5215339332707,-37.432063463213616
20720090000,0,605,147.5214839232671,-37.43216046321029
20720090000,0,606,147.521419903265,-37.4322644732059
20720090000,0,607,147.52136293326186,-37.43236746320208
20720090000,0,608,147.52132792325637,-37.43245946319989
20720090000,0,609,147.5212998932491,-37.43255647319831
20720090000,0,610,147.5212789032405,-37.432654473197275
20720090000,0,611,147.52123689323554,-37.43275146319459
20720090000,0,612,147.52123791322185,-37.43286048319537
20720090000,0,613,147.52121689321402,-37.43295248319429
20720090000,0,614,147.52120291320514,-37.43304348319378
20720090000,0,615,147.52121791318984,-37.4331464731956
20720090000,0,616,147.52124792317127,-37.433255473198656
20720090000,0,617,147.52126292315677,-37.43335249320046
20720090000,0,618,147.52137793312684,-37.43343748321006
20720090000,0,619,147.52150692310298,-37.43345448322033
20720090000,0,620,147.52164390308278,-37.433431483230954
20720090000,0,621,147.5217729030661,-37.43339049324086
20720090000,0,622,147.5218869230533,-37.433338473249506
20720090000,0,623,147.5220159130359,-37.433303463259435
20720090000,0,624,147.5221459330084,-37.43334846326996
20720090000,0,625,147.52218290298657,-37.43347446327368
20720090000,0,626,147.5221608929789,-37.43356646327254
20720090000,0,627,147.52213290297237,-37.43365746327091
20720090000,0,628,147.52209092296727,-37.43375547326822
20720090000,0,629,147.52203391296473,-37.43385349326436
20720090000,0,630,147.52199890295864,-37.433950483262215
20720090000,0,631,147.5219579129393,-37.434162473260336
20720090000,0,632,147.5219509129291,-37.43425447326037
20720090000,0,633,147.52195189290626,-37.43443748326161
20720090000,0,634,147.52202489286992,-37.43463149326859
20720090000,0,635,147.52206891284976,-37.4347344832727
20720090000,0,636,147.52216392281034,-37.434923493281396
20720090000,0,637,147.52225791278323,-37.435014473289385
20720090000,0,638,147.5223479227579,-37.43509648329698
20720090000,0,639,147.52236292274756,-37.435159483298555
20720090000,0,640,147.52236591273928,-37.43522249329921
20720090000,0,641,147.52235292272968,-37.43531748329879
20720090000,0,642,147.5223179127236,-37.43541448329664
20720090000,0,643,147.5223109127126,-37.43551247329672
20720090000,0,644,147.5222909027046,-37.43560448329573
20720090000,0,645,147.5222839026945,-37.43569548329575
20720090000,0,646,147.5222559026872,-37.43579249329417
20720090000,0,647,147.52219892268468,-37.4358904932903
20720090000,0,648,147.52207793269366,-37.43598249328136
20720090000,0,649,147.5219559127092,-37.436023483272
20720090000,0,650,147.52183396272116,-37.43609249326285
20720090000,0,651,147.52171293273017,-37.43618449325391
20720090000,0,652,147.52162795273162,-37.43628848324787
20720090000,0,653,147.5215779527288,-37.4363794832445
20720090000,0,654,147.52151396272743,-37.436477493240105
20720090000,0,655,147.52152196271467,-37.43656951324132
20720090000,0,656,147.52160894267675,-37.43675751324935
20720090000,0,657,147.5216389426603,-37.436849513252305
20720090000,0,658,147.5214389626571,-37.43714750323845
20720090000,0,659,147.52138997265322,-37.43724550323521
20720090000,0,660,147.52136997262045,-37.43753750323548
20720090000,0,661,147.52134997260893,-37.437657493234674
20720090000,0,662,147.52127095260875,-37.43776650322914
20720090000,0,663,147.52114294261955,-37.43785350321961
20720090000,0,664,147.52100694263243,-37.43793449320942
20720090000,0,665,147.52089292264387,-37.437997513200855
20720090000,0,666,147.52079294264857,-37.438095503193594
20720090000,0,667,147.5207209326487,-37.438192493188545
20720090000,0,668,147.52066494264602,-37.438290513184754
20720090000,0,669,147.52064395263815,-37.43838251318369
20720090000,0,670,147.52063694262736,-37.43847950318376
20720090000,0,671,147.5206239526181,-37.43857150318332
20720090000,0,672,147.52067395259695,-37.43867449318791
20720090000,0,673,147.5207329425757,-37.43876550319314
20720090000,0,674,147.52080492255232,-37.438856503199375
20720090000,0,675,147.52107896249197,-37.438970493221674
20720090000,0,676,147.521200942468,-37.43899850323147
20720090000,0,677,147.52131595243944,-37.439072503241
20720090000,0,678,147.5214319524143,-37.43911750325042
20720090000,0,679,147.52150393239015,-37.4392144932567
20720090000,0,680,147.52153294237323,-37.439311513259604
20720090000,0,681,147.521591932352,-37.43940251326483
20720090000,0,682,147.52172092231825,-37.43949950327559
20720090000,0,683,147.52183692229028,-37.43956751328517
20720090000,0,684,147.52187294227144,-37.43967050328865
20720090000,0,685,147.52183794226386,-37.4397795032866
20720090000,0,686,147.52171800225992,-37.439974533278395
20720090000,0,687,147.5216539822593,-37.440066533273935
20720090000,0,688,147.52161098225517,-37.44015853327112
20720090000,0,689,147.52157598224892,-37.44025652326901
20720090000,0,690,147.52158397223485,-37.44035951327029
20720090000,0,691,147.52164201221376,-37.44045051327544
20720090000,0,692,147.52176498218176,-37.44054151328569
20720090000,0,693,147.52185097215525,-37.440638513293074
20720090000,0,694,147.52192397213093,-37.44073552329945
20720090000,0,695,147.52195295211465,-37.44082752330232
20720090000,0,696,147.52196098210203,-37.44091852330352
20720090000,0,697,147.52193996209417,-37.44101053330245
20720090000,0,698,147.52190495208868,-37.44110253330029
20720090000,0,699,147.52188397208093,-37.44119351329921
20720090000,0,700,147.52182797206694,-37.44138252329601
20720090000,0,701,147.52177801206398,-37.44147453329266
20720090000,0,702,147.52172895205874,-37.441583533289474
20720090000,0,703,147.52166497205818,-37.44167553328502
20720090000,0,704,147.52163697205148,-37.44176751328341
20720090000,0,705,147.52160897204345,-37.44187052328186
20720090000,0,706,147.5215949920344,-37.44196252328133
20720090000,0,707,147.52159598202147,-37.442065533282076
20720090000,0,708,147.52160299200904,-37.442156533283196
20720090000,0,709,147.52167599198395,-37.4422595232896
20720090000,0,710,147.52179797195632,-37.442316513299566
20720090000,0,711,147.52192798193454,-37.44231552330981
20720090000,0,712,147.5220430019138,-37.44232652331894
20720090000,0,713,147.522164981889,-37.44236053332876
20720090000,0,714,147.52228098185893,-37.442445513338434
20720090000,0,715,147.522309991842,-37.44254251334133
20720090000,0,716,147.52231799182564,-37.44266352334272
20720090000,0,717,147.5222829818203,-37.44275452334056
20720090000,0,718,147.52218297182566,-37.44284752333327
20720090000,0,719,147.52193897184895,-37.44299154331496
20720090000,0,720,147.52183998185424,-37.44308354330775
20720090000,0,721,147.52179695185012,-37.44317554330495
20720090000,0,722,147.52180498183748,-37.44326655330616
20720090000,0,723,147.52179899182633,-37.443364543306316
20720090000,0,724,147.52169902181845,-37.443564543299715
20720090000,0,725,147.52165701181337,-37.44366254329703
20720090000,0,726,147.5215360118231,-37.443748553288046
20720090000,0,727,147.52145002182476,-37.44385253328194
20720090000,0,728,147.52140001182116,-37.44394953327861
20720090000,0,729,147.52132201178537,-37.44434454327497
20720090000,0,730,147.52151802174774,-37.444381543290646
20720090000,0,731,147.52164098172355,-37.4444095333005
20720090000,0,732,147.5218700216879,-37.44438554331839
20720090000,0,733,147.5219850016721,-37.44435653332727
20720090000,0,734,147.52210702165374,-37.44433853333677
20720090000,0,735,147.52222203163376,-37.44434354334586
20720090000,0,736,147.5223440116075,-37.44438953335576
20720090000,0,737,147.52245902158037,-37.444451553365205
20720090000,0,738,147.52256801155073,-37.444542533374374
20720090000,0,739,147.52264802152598,-37.44463353338124
20720090000,0,740,147.52270602150207,-37.444747553386534
20720090000,0,741,147.52272799148625,-37.44484554338889
20720090000,0,742,147.52274303147172,-37.444942533390694
20720090000,0,743,147.5227300414512,-37.44512554339082
20720090000,0,744,147.52274500143596,-37.44522854339266
20720090000,0,745,147.52275299142246,-37.44532654339392
20720090000,0,746,147.5227900014042,-37.445423533397445
20720090000,0,747,147.52286300136922,-37.44560654340436
20720090000,0,748,147.52293502134367,-37.445714543410716
20720090000,0,749,147.52299298132115,-37.44581753341594
20720090000,0,750,147.52307299129146,-37.445948533423056
20720090000,0,751,147.52313102126814,-37.446057533428316
20720090000,0,752,147.5231900112469,-37.44614853343356
20720090000,0,753,147.52328400121905,-37.44624554344158
20720090000,0,754,147.52336302119446,-37.446336533448374
20720090000,0,755,147.52347201116328,-37.446439543457615
20720090000,0,756,147.52358702113202,-37.446535533467284
20720090000,0,757,147.52371699110157,-37.446604543477946
20720090000,0,758,147.52383901107194,-37.44667754348802
20720090000,0,759,147.5239689910422,-37.44674053349867
20720090000,0,760,147.5240840010222,-37.44674555350776
20720090000,0,761,147.5242129910012,-37.44673953351788
20720090000,0,762,147.52432801098325,-37.44672754352686
20720090000,0,763,147.52446499096106,-37.4467205335376
20720090000,0,764,147.52493098089687,-37.446604543573564
20720090000,0,765,147.52505297088197,-37.44655853358287
20720090000,0,766,147.52519597086658,-37.44648854359371
20720090000,0,767,147.52532497085187,-37.44643152360351
20720090000,0,768,147.5254529708411,-37.44634452361303
20720090000,0,769,147.5256179908254,-37.4462465336254
20720090000,0,770,147.52574698080792,-37.446211523635334
20720090000,0,771,147.52586097079518,-37.446159523644
20720090000,0,772,147.52600398078184,-37.44607251365471
20720090000,0,773,147.52611899077235,-37.44599252366324
20720090000,0,774,147.52623998076126,-37.44591752367231
20720090000,0,775,147.5263550007462,-37.445882523681135
20720090000,0,776,147.5264699707325,-37.445836513689905
20720090000,0,777,147.526597980721,-37.44575552369948
20720090000,0,778,147.52672697070642,-37.44569752370927
20720090000,0,779,147.5268699706916,-37.44562252372005
20720090000,0,780,147.52698495067716,-37.44558252372886
20720090000,0,781,147.5270629506665,-37.44556253373487
20720090000,0,782,147.52714296065423,-37.44555250374112
20720090000,0,783,147.52727896062635,-37.445592503752074
20720090000,0,784,147.5273089206079,-37.44570050375513
20720090000,0,785,147.5273159305946,-37.44579849375631
20720090000,0,786,147.52734597057824,-37.44588951375925
20720090000,0,787,147.52737696052554,-37.44627252376413
20720090000,0,788,147.52740696049707,-37.446461513767694
20720090000,0,789,147.52741499048295,-37.44656452376897
20720090000,0,790,147.52741598046782,-37.44668551376982
20720090000,0,791,147.52743098045116,-37.44679951377173
20720090000,0,792,147.52746799043078,-37.44691352377537
20720090000,0,793,147.52754796040455,-37.447016513782316
20720090000,0,794,147.52763399037727,-37.44711952378976
20720090000,0,795,147.52768600035574,-37.44722251379451
20720090000,0,796,147.52789497029656,-37.4474155238122
20720090000,0,797,147.52801096026573,-37.447506523821914
20720090000,0,798,147.5280979802383,-37.447609513829406
20720090000,0,799,147.52819197021043,-37.44770653383744
20720090000,0,800,147.528278980183,-37.44780952384495
20720090000,0,801,147.52840097015113,-37.44790052385514
20720090000,0,802,147.52872596006117,-37.44818451388253
20720090000,0,803,147.5288489300291,-37.4482755138928
20720090000,0,804,147.52896493000597,-37.44830452390213
20720090000,0,805,147.52907894998685,-37.4483035239111
20720090000,0,806,147.52920794996797,-37.448280533921114
20720090000,0,807,147.52932295995154,-37.448256493930025
20720090000,0,808,147.52944493993803,-37.448199503939286
20720090000,0,809,147.52958093992453,-37.44812350394951
20720090000,0,810,147.52971693990864,-37.448066503959865
20720090000,0,811,147.52986694988846,-37.44802550397142
20720090000,0,812,147.52998195987055,-37.448013503980405
20720090000,0,813,147.53011193984588,-37.44803549399078
20720090000,0,814,147.53023395981327,-37.44813251400101
20720090000,0,815,147.53029293979208,-37.44822349400624
20720090000,0,816,147.53034294977084,-37.44832650401083
20720090000,0,817,147.5304019697489,-37.4484235040161
20720090000,0,818,147.53044492972964,-37.4485205140201
20720090000,0,819,147.53051796970456,-37.44862350402651
20720090000,0,820,147.53070593964668,-37.44883449404265
20720090000,0,821,147.53082193961723,-37.44891450405231
20720090000,0,822,147.53093694958517,-37.449016494062
20720090000,0,823,147.53108995953326,-37.44922750407542
20720090000,0,824,147.5312989594309,-37.44976850409531
20720090000,0,825,147.53141294940738,-37.44980350410452
20720090000,0,826,147.53152795938226,-37.44984949411386
20720090000,0,827,147.53164194935297,-37.44993051412337
20720090000,0,828,147.53187192930554,-37.45000051414193
20720090000,0,829,147.53198595928487,-37.45001250415099
20720090000,0,830,147.53221594924022,-37.45005951416942
20720090000,0,831,147.53233095922218,-37.45004850417841
20720090000,0,832,147.53256090919757,-37.44993450419578
20720090000,0,833,147.53267690918642,-37.449866494204514
20720090000,0,834,147.5327919191684,-37.449855514213496
20720090000,0,835,147.53290692914888,-37.44985651422256
20720090000,0,836,147.53302193913098,-37.44984450423156
20720090000,0,837,147.5333659190727,-37.44984650425867
20720090000,0,838,147.5334528990693,-37.44975550426496
20720090000,0,839,147.53354089907717,-37.449572494270726
20720090000,0,840,147.5336269290739,-37.44948149427692
20720090000,0,841,147.53374291905857,-37.44944751428584
20720090000,0,842,147.53397290902254,-37.44942549430383
20720090000,0,843,147.534087919006,-37.44940250431274
20720090000,0,844,147.53421690899117,-37.44934650432255
20720090000,0,845,147.5343329089802,-37.449277494331255
20720090000,0,846,147.53444791896487,-37.4492445143401
20720090000,0,847,147.53456292894833,-37.449221494349025
20720090000,0,848,147.53467688892613,-37.44924550435815
20720090000,0,849,147.53475791891344,-37.44923750436448
20720090000,0,850,147.53483689889939,-37.44924351437076
20720090000,0,851,147.5350218788635,-37.449281514385575
20720090000,0,852,147.5351358688372,-37.449338504394916
20720090000,0,853,147.535250888812,-37.44938549440428
20720090000,0,854,147.53535089878372,-37.44947749441275
20720090000,0,855,147.53543586875801,-37.449569504420026
20720090000,0,856,147.53552087872092,-37.44975250442788
20720090000,0,857,147.53554886869355,-37.44993550443126
20720090000,0,858,147.53559087867504,-37.45002750443515
20720090000,0,859,147.53561887865746,-37.45013151443802
20720090000,0,860,147.53567588862512,-37.45031449444369
20720090000,0,861,147.5357028985979,-37.450497494446964
20720090000,0,862,147.53570289858501,-37.45060152444763
20720090000,0,863,147.53568690857503,-37.450703534447015
20720090000,0,864,147.53565792856853,-37.45079551444532
20720090000,0,865,147.53565690854452,-37.45099052444647
20720090000,0,866,147.53572789852126,-37.451081524452654
20720090000,0,867,147.53584192849198,-37.45116251446214
20720090000,0,868,147.53595689846546,-37.45122051447158
20720090000,0,869,147.53607092844186,-37.45125551448077
20720090000,0,870,147.53618590842248,-37.45125551448984
20720090000,0,871,147.53631587839905,-37.451267524500174
20720090000,0,872,147.53643088837956,-37.45126852450923
20720090000,0,873,147.5365448783588,-37.45128052451829
20720090000,0,874,147.53665985834226,-37.451257514527214
20720090000,0,875,147.53677486832424,-37.45124652453621
20720090000,0,876,147.5368898783076,-37.451224524545125
20720090000,0,877,147.53701886828435,-37.451236514555376
20720090000,0,878,147.5371338782621,-37.45125953456459
20720090000,0,879,147.5373638682146,-37.45132951458315
20720090000,0,880,147.53747789818536,-37.45141052459265
20720090000,0,881,147.53756388815944,-37.451502524600016
20720090000,0,882,147.53759188814342,-37.45159353460279
20720090000,0,883,147.53759089813224,-37.451685534603314
20720090000,0,884,147.53753286811929,-37.451868514599894
20720090000,0,885,147.53748887811395,-37.451971524597084
20720090000,0,886,147.5374448581101,-37.452062524594204
20720090000,0,887,147.53742989810118,-37.4521545245936
20720090000,0,888,147.53747285808254,-37.452246524597555
20720090000,0,889,147.53752884806184,-37.45233752460256
20720090000,0,890,147.5376148780359,-37.45242952460992
20720090000,0,891,147.5377148880076,-37.4525215246184
20720090000,0,892,147.53805886793236,-37.45266051464639
20720090000,0,893,147.53818686790075,-37.452741524656986
20720090000,0,894,147.53830187787415,-37.45279952466643
20720090000,0,895,147.5384158678506,-37.45283452467563
20720090000,0,896,147.53864486779486,-37.45297252469455
20720090000,0,897,147.5387448777666,-37.45306452470302
20720090000,0,898,147.53885886772886,-37.45321351471296
20720090000,0,899,147.53905888767233,-37.45339752472989
20720090000,0,900,147.53917390764576,-37.45345551473932
20720090000,0,901,147.5392878576222,-37.45349052474854
20720090000,0,902,147.5394028676028,-37.45349052475759
20720090000,0,903,147.53951787758461,-37.4534805347666
20720090000,0,904,147.53963285757092,-37.45343452477538
20720090000,0,905,147.53971986756756,-37.45334351478165
20720090000,0,906,147.53982086756182,-37.45325251478903
20720090000,0,907,147.5399358775466,-37.45321851479788
20720090000,0,908,147.5401778675047,-37.45322752481701
20720090000,0,909,147.54033784747574,-37.45324352482972
20720090000,0,910,147.5404538474647,-37.453174524838424
20720090000,0,911,147.5404978674686,-37.45308352484132
20720090000,0,912,147.54059886746288,-37.45299251484871
20720090000,0,913,147.54071387744344,-37.45299251485778
20720090000,0,914,147.54082782742125,-37.45301653486691
20720090000,0,915,147.54090684740893,-37.453008524873084
20720090000,0,916,147.54097886739902,-37.45299052487864
20720090000,0,917,147.54105784738954,-37.45295951488468
20720090000,0,918,147.54115982738364,-37.45286853489213
20720090000,0,919,147.54121786738514,-37.452777534896136
20720090000,0,920,147.54126082738918,-37.452686524898944
20720090000,0,921,147.5413188573908,-37.45259452490293
20720090000,0,922,147.54143485738115,-37.45251451491157
20720090000,0,923,147.5415498673673,-37.45246952492035
20720090000,0,924,147.54166484735634,-37.45240151492898
20720090000,0,925,147.54175182735295,-37.45231051493525
20720090000,0,926,147.5418248273521,-37.452218514940434
20720090000,0,927,147.54191183735998,-37.45203653494613
20720090000,0,928,147.5419698773616,-37.45194453495012
20720090000,0,929,147.54201385736548,-37.451853524953
20720090000,0,930,147.54208586736613,-37.45175052495803
20720090000,0,931,147.54215879736506,-37.451659524963205
20720090000,0,932,147.54220183736928,-37.451567514966015
20720090000,0,933,147.54227482736823,-37.45147651497119
20720090000,0,934,147.54233279736977,-37.45138551497518
20720090000,0,935,147.54253482735837,-37.45120251498993
20720090000,0,936,147.54277980733815,-37.45103251500817
20720090000,0,937,147.5428908073276,-37.45096652501651
20720090000,0,938,147.54297081731724,-37.450941515022656
20720090000,0,939,147.54312582729816,-37.45088451503452
20720090000,0,940,147.54324080728583,-37.45082751504321
20720090000,0,941,147.54347181725805,-37.45073751506086
20720090000,0,942,147.54360080724476,-37.45066952507058
20720090000,0,943,147.54371679723374,-37.45060052507929
20720090000,0,944,147.5437888172329,-37.45050952508439
20720090000,0,945,147.5439048172246,-37.450418525092964
20720090000,0,946,147.54399080722138,-37.45032751509917
20720090000,0,947,147.54404982722284,-37.45023551510322
20720090000,0,948,147.544193787224,-37.450030525113284
20720090000,0,949,147.54426678722297,-37.449939515118466
20720090000,0,950,147.54439777723502,-37.44966451512703
20720090000,0,951,147.5444557772365,-37.44957351513103
20720090000,0,952,147.54461878722788,-37.44942151514291
20720090000,0,953,147.54481676721667,-37.449242535157396
20720090000,0,954,147.54504777719177,-37.449129515174874
20720090000,0,955,147.5451917671717,-37.449095535186025
20720090000,0,956,147.54527976715673,-37.44909652519296
20720090000,0,957,147.54535878713955,-37.44912751519939
20720090000,0,958,147.5454367571186,-37.44919052520595
20720090000,0,959,147.54547777710337,-37.4492575152096
20720090000,0,960,147.54560476704646,-37.44954352522143
20720090000,0,961,147.5456607570142,-37.44972752522701
20720090000,0,962,147.5456607570028,-37.449819525227596
20720090000,0,963,147.54567378698783,-37.44992251522928
20720090000,0,964,147.54564476697007,-37.450105515228145
20720090000,0,965,147.5456437869589,-37.45019652522865
20720090000,0,966,147.54562877695002,-37.45028852522805
20720090000,0,967,147.54564279693636,-37.450379525229735
20720090000,0,968,147.5456277569275,-37.45047152522915
20720090000,0,969,147.5456557869142,-37.45054052523177
20720090000,0,970,147.5458267968597,-37.4507475252466
20720090000,0,971,147.54594180683324,-37.45080452525601
20720090000,0,972,147.54604177680497,-37.45089652526448
20720090000,0,973,147.5461557667757,-37.45097751527398
20720090000,0,974,147.54645575669088,-37.4512535152994
20720090000,0,975,147.54656978666307,-37.45132252530882
20720090000,0,976,147.5466847666407,-37.451346515318036
20720090000,0,977,147.5467997766213,-37.451346515327124
20720090000,0,978,147.54691478660612,-37.451312515335964
20720090000,0,979,147.54702979659518,-37.45124452534459
20720090000,0,980,147.54711677659176,-37.45115352535088
20720090000,0,981,147.54721780658605,-37.451062525358275
20720090000,0,982,147.54730474658268,-37.450971525364544
20720090000,0,983,147.54737778658176,-37.450879525369714
20720090000,0,984,147.54742074658583,-37.45078852537252
20720090000,0,985,147.54749374658496,-37.45069652537771
20720090000,0,986,147.5475797465817,-37.45060551538389
20720090000,0,987,147.54766774658955,-37.450422515389675
20720090000,0,988,147.54769672659597,-37.45033151539138
20720090000,0,989,147.54771176660486,-37.45023951539199
20720090000,0,990,147.54769774661852,-37.4501485353903
20720090000,0,991,147.54769876664116,-37.44996453538921
20720090000,0,992,147.54771376664993,-37.44987352538982
20720090000,0,993,147.5477437366563,-37.4497815253916
20720090000,0,994,147.54782976665308,-37.449690525397806
20720090000,0,995,147.54794576663775,-37.44965652540673
20720090000,0,996,147.54829076658785,-37.449589515433516
20720090000,0,997,147.54840577657407,-37.449544525442306
20720090000,0,998,147.54852074656173,-37.449487525451005
20720090000,0,999,147.54860772655988,-37.449384515457204
20720090000,0,1000,147.5487047465543,-37.4492975354643
20720090000,0,1001,147.54881073655528,-37.449145515471706
20720090000,0,1002,147.54886873655693,-37.44905351547568
20720090000,0,1003,147.5489837165445,-37.44899751548439
20720090000,0,1004,147.54909872653081,-37.44895152549318
20720090000,0,1005,147.54921570650944,-37.44896453550248
20720090000,0,1006,147.54932772648212,-37.44903252551175
20720090000,0,1007,147.5493847064611,-37.44912451551682
20720090000,0,1008,147.54946971642394,-37.44930852552471
20720090000,0,1009,147.54958468639313,-37.44940052553436
20720090000,0,1010,147.5497267063521,-37.449538535546424
20720090000,0,1011,147.54981270632618,-37.449630535553794
20720090000,0,1012,147.54988369630277,-37.44972251555998
20720090000,0,1013,147.5499837062745,-37.44981451556845
20720090000,0,1014,147.5500697362486,-37.44990651557582
20720090000,0,1015,147.55012572622786,-37.44999751558081
20720090000,0,1016,147.5501977462043,-37.45008951558708
20720090000,0,1017,147.5502717261819,-37.45016953559341
20720090000,0,1018,147.5503977261491,-37.45026252560394
20720090000,0,1019,147.55051171612268,-37.4503205256133
20720090000,0,1020,147.5505356961184,-37.450322525615206
20720090000,0,1021,147.55082769606494,-37.45035652563846
20720090000,0,1022,147.55105771602615,-37.4503565256566
20720090000,0,1023,147.55117269600814,-37.45034552566559
20720090000,0,1024,147.55141570596132,-37.450392525685075
20720090000,0,1025,147.55164573592242,-37.45039352570321
20720090000,0,1026,147.55176070590153,-37.45040551571236
20720090000,0,1027,147.55187571587916,-37.45042952572157
20720090000,0,1028,147.55200470585743,-37.45042952573175
20720090000,0,1029,147.55211972583655,-37.45044151574089
20720090000,0,1030,147.5523497457919,-37.45048852575935
20720090000,0,1031,147.55246369576835,-37.45052352576855
20720090000,0,1032,147.55257870574894,-37.45052352577762
20720090000,0,1033,147.55269371572808,-37.45053551578677
20720090000,0,1034,147.5529227256836,-37.45058252580513
20720090000,0,1035,147.55326669561276,-37.45068653583292
20720090000,0,1036,147.5536116955501,-37.45072253586036
20720090000,0,1037,147.55397067549367,-37.450689525888464
20720090000,0,1038,147.55420065544905,-37.45073651590692
20720090000,0,1039,147.55451966538322,-37.4508335359327
20720090000,0,1040,147.55459869536418,-37.450879525939214
20720090000,0,1041,147.5547726853196,-37.451002525953726
20720090000,0,1042,147.55488766529163,-37.45107151596323
20720090000,0,1043,147.55498767526333,-37.4511635159717
20720090000,0,1044,147.5550726852376,-37.451255515978985
20720090000,0,1045,147.55512969521658,-37.45134751598409
20720090000,0,1046,147.55525769516083,-37.45162252599592
20720090000,0,1047,147.5552856951447,-37.45171452599872
20720090000,0,1048,147.55532766512636,-37.451805526002616
20720090000,0,1049,147.55534168511252,-37.4518975260043
20720090000,0,1050,147.5553977150803,-37.45208152600989
20720090000,0,1051,147.55544067506173,-37.452172526013854
20720090000,0,1052,147.55555469501817,-37.452368536024096
20720090000,0,1053,147.55585370493347,-37.45264451604943
20720090000,0,1054,147.55608267487779,-37.45278252606838
20720090000,0,1055,147.5561976848483,-37.45286351607797
20720090000,0,1056,147.55631265482324,-37.45290952608733
20720090000,0,1057,147.55642668480252,-37.452921516096396
20720090000,0,1058,147.55654169478314,-37.45292151610548
20720090000,0,1059,147.55665667476796,-37.45288753611432
20720090000,0,1060,147.55677266475533,-37.452831536123114
20720090000,0,1061,147.5568577147524,-37.45273953612926
20720090000,0,1062,147.55698867474015,-37.452660516139076
20720090000,0,1063,147.55710368472361,-37.452637526147996
20720090000,0,1064,147.55721869470543,-37.45262753615701
20720090000,0,1065,147.55733370468894,-37.45260451616594
20720090000,0,1066,147.55744864467377,-37.452570516174795
20720090000,0,1067,147.5575646446641,-37.45249052618344
20720090000,0,1068,147.55766567465835,-37.45239951619083
20720090000,0,1069,147.55778065464878,-37.45232052619939
20720090000,0,1070,147.55789566463798,-37.45225152620803
20720090000,0,1071,147.55812765462144,-37.45206951622518
20720090000,0,1072,147.55824266460763,-37.45202452623397
20720090000,0,1073,147.5583096445963,-37.452024526239256
20720090000,0,1074,147.5583896545812,-37.452037536245655
20720090000,0,1075,147.5584716345633,-37.45207051625232
20720090000,0,1076,147.55857164453502,-37.4521625162608
20720090000,0,1077,147.55865767450896,-37.452255516268174
20720090000,0,1078,147.55878666447865,-37.452324526278794
20720090000,0,1079,147.55890065445087,-37.452393526288226
20720090000,0,1080,147.55920064436603,-37.45266952631365
20720090000,0,1081,147.55932967433856,-37.45271551632412
20720090000,0,1082,147.55945866431534,-37.45272752633437
20720090000,0,1083,147.5595736742973,-37.45271651634338
20720090000,0,1084,147.55968865427775,-37.45271751635246
20720090000,0,1085,147.55981767425033,-37.45276352636292
20720090000,0,1086,147.55993265422657,-37.45279852637223
20720090000,0,1087,147.56003262419694,-37.45290151638076
20720090000,0,1088,147.56010365417353,-37.45299351638696
20720090000,0,1089,147.56018862414783,-37.45308551639425
20720090000,0,1090,147.56030364412254,-37.45313252640362
20720090000,0,1091,147.56041865410464,-37.453120526412626
20720090000,0,1092,147.56053366408796,-37.453098526421556
20720090000,0,1093,147.56064863406849,-37.45309952643064
20720090000,0,1094,147.56076266404352,-37.45314553643993
20720090000,0,1095,147.56084862401622,-37.45324852644735
20720090000,0,1096,147.56089067399625,-37.453352526451326
20720090000,0,1097,147.5608616539885,-37.45345451644969
20720090000,0,1098,147.56084665397955,-37.45354650644911
20720090000,0,1099,147.56084566396834,-37.45363850644961
20720090000,0,1100,147.56087464395216,-37.45372950645248
20720090000,0,1101,147.56091662393365,-37.45382150645637
20720090000,0,1102,147.56104564390319,-37.45389150646699
20720090000,0,1103,147.56127563386156,-37.45391450648529
20720090000,0,1104,147.56138966383799,-37.45394950649451
20720090000,0,1105,147.5614896738097,-37.45404150650299
20720090000,0,1106,147.5615466437887,-37.45413350650807
20720090000,0,1107,147.56157464377117,-37.45423649651093
20720090000,0,1108,147.56157464375974,-37.45432849651152
20720090000,0,1109,147.56161665374137,-37.45441949651541
20720090000,0,1110,147.56167264370904,-37.454603496520996
20720090000,0,1111,147.5617446236855,-37.45469549652726
20720090000,0,1112,147.5618526236591,-37.454761506536194
20720090000,0,1113,147.56193263364338,-37.45477950654263
20720090000,0,1114,147.5620886036131,-37.45481151655514
20720090000,0,1115,147.56220361359223,-37.454823506564296
20720090000,0,1116,147.56231862357987,-37.45476650657301
20720090000,0,1117,147.56243363357044,-37.45468650658159
20720090000,0,1118,147.5625066335694,-37.454595506586756
20720090000,0,1119,147.56262164355286,-37.45457251659569
20720090000,0,1120,147.56273559353355,-37.45457351660469
20720090000,0,1121,147.5628506135155,-37.454562506613705
20720090000,0,1122,147.5629525935096,-37.45447150662116
20720090000,0,1123,147.56303862350657,-37.454379506627376
20720090000,0,1124,147.56311162350553,-37.45428849663255
20720090000,0,1125,147.56319863350214,-37.45419749663885
20720090000,0,1126,147.5633136134912,-37.4541295166475
20720090000,0,1127,147.56342862348174,-37.45404949665603
20720090000,0,1128,147.5635576134571,-37.45407251666638
20720090000,0,1129,147.5636725934334,-37.45410749667567
20720090000,0,1130,147.5637876034068,-37.45416549668512
20720090000,0,1131,147.56387260338104,-37.454257496692414
20720090000,0,1132,147.5640725533245,-37.454441496709364
20720090000,0,1133,147.56418756329938,-37.45448748671873
20720090000,0,1134,147.5643025732785,-37.45449949672787
20720090000,0,1135,147.56441657325644,-37.45452248673702
20720090000,0,1136,147.56453158322984,-37.454580486746465
20720090000,0,1137,147.56461761320386,-37.45467248675385
20720090000,0,1138,147.56471758317562,-37.454764486762336
20720090000,0,1139,147.56480259314984,-37.45485648676962
20720090000,0,1140,147.56491760311903,-37.45494848677928
20720090000,0,1141,147.56503159309395,-37.45499549678858
20720090000,0,1142,147.56514660307036,-37.45502948679786
20720090000,0,1143,147.56526158305235,-37.45501849680687
20720090000,0,1144,147.56560657300668,-37.45491748683346
20720090000,0,1145,147.56569158299138,-37.454925496840204
20720090000,0,1146,147.5657705729763,-37.454939476846526
20720090000,0,1147,147.56585058295974,-37.45496448685301
20720090000,0,1148,147.56596559293462,-37.45501048686238
20720090000,0,1149,147.5660795829083,-37.455067466871746
20720090000,0,1150,147.56616561288237,-37.45515946687912
20720090000,0,1151,147.56623656285902,-37.45525146688531
20720090000,0,1152,147.56630759283408,-37.45535546689156
20720090000,0,1153,147.5663355928181,-37.45544646689435
20720090000,0,1154,147.56633559280667,-37.45553847689494
20720090000,0,1155,147.56632059279775,-37.455630476894335
20720090000,0,1156,147.56626259279622,-37.45572147689033
20720090000,0,1157,147.56621857279234,-37.455812476887445
20720090000,0,1158,147.56620357278342,-37.45590447688685
20720090000,0,1159,147.5661605727793,-37.45599647688403
20720090000,0,1160,147.56614561277047,-37.45608747688343
20720090000,0,1161,147.5661586027569,-37.45617947688505
20720090000,0,1162,147.56620160273832,-37.45627046688902
20720090000,0,1163,147.5663155927119,-37.45632847689838
20720090000,0,1164,147.566430602691,-37.456340466907534
20720090000,0,1165,147.56666161266892,-37.45620447692491
20720090000,0,1166,147.56676260266332,-37.456112476932304
20720090000,0,1167,147.56708654264298,-37.455836466956114
20720090000,0,1168,147.56718155263516,-37.45577046696319
20720090000,0,1169,147.56729652261714,-37.45575947697219
20720090000,0,1170,147.5674105525964,-37.45577145698126
20720090000,0,1171,147.56762353254717,-37.45587846699877
20720090000,0,1172,147.5677375525158,-37.455976477008385
20720090000,0,1173,147.56775854250444,-37.45603946701045
20720090000,0,1174,147.56773456249323,-37.45616247700933
20720090000,0,1175,147.56773755245567,-37.45646047701145
20720090000,0,1176,147.56780855243233,-37.456552477017645
20720090000,0,1177,147.567908522404,-37.45664447702613
20720090000,0,1178,147.5680795623523,-37.4568284570408
20720090000,0,1179,147.5681945723287,-37.456862447050085
20720090000,0,1180,147.56830852230365,-37.45690945705939
20720090000,0,1181,147.56842354227987,-37.456944457068694
20720090000,0,1182,147.56853855225478,-37.456990447078056
20720090000,0,1183,147.56865356223537,-37.45699044708714
20720090000,0,1184,147.56876853221738,-37.45697945709613
20720090000,0,1185,147.5689975721815,-37.45695745711408
20720090000,0,1186,147.5691135721646,-37.45693544712311
20720090000,0,1187,147.56922756214257,-37.45695845713225
20720090000,0,1188,147.56934257211745,-37.45700444714162
20720090000,0,1189,147.56944254208904,-37.457097447150105
20720090000,0,1190,147.5695575520639,-37.45714345715947
20720090000,0,1191,147.56967154204324,-37.457155447168546
20720090000,0,1192,147.5697865520238,-37.45715544717763
20720090000,0,1193,147.56990157200295,-37.45716745718678
20720090000,0,1194,147.5700455219814,-37.45714545719801
20720090000,0,1195,147.57016050195915,-37.45716845720721
20720090000,0,1196,147.57027452193418,-37.45721444721652
20720090000,0,1197,147.570504511881,-37.45733045723542
20720090000,0,1198,147.57061854185605,-37.457376447244705
20720090000,0,1199,147.5707335518338,-37.45739944725394
20720090000,0,1200,147.57084852181293,-37.45741144726309
20720090000,0,1201,147.5709635017949,-37.457400457272094
20720090000,0,1202,147.57107851177827,-37.457378427281036
20720090000,0,1203,147.57119352176306,-37.457344427289904
20720090000,0,1204,147.57142351173846,-37.45723042730733
20720090000,0,1205,147.57165353170512,-37.45718643732522
20720090000,0,1206,147.5718835216635,-37.45720942734352
20720090000,0,1207,147.5721125216162,-37.45727943736206
20720090000,0,1208,147.5722274915896,-37.457337427371485
20720090000,0,1209,147.57234148156044,-37.457417427381
20720090000,0,1210,147.57244149153215,-37.45750942738948
20720090000,0,1211,147.57249850151106,-37.45760142739456
20720090000,0,1212,147.5725415014924,-37.45769342739855
20720090000,0,1213,147.57256950147487,-37.45779643740142
20720090000,0,1214,147.57256847146365,-37.457888437401905
20720090000,0,1215,147.57255355145483,-37.45797943740132
20720090000,0,1216,147.57251051144928,-37.45808242739858
20720090000,0,1217,147.57237951143725,-37.45835742738997
20720090000,0,1218,147.57234955142525,-37.45849443738848
20720090000,0,1219,147.57232049141734,-37.45859742738683
20720090000,0,1220,147.5723055314086,-37.45868842738625
20720090000,0,1221,147.57234750139006,-37.45878042739013
20720090000,0,1222,147.57241853136662,-37.45887242739633
20720090000,0,1223,147.57253354134156,-37.45891843740571
20720090000,0,1224,147.57264852132067,-37.45893042741486
20720090000,0,1225,147.57299250125394,-37.45900043744246
20720090000,0,1226,147.5731075112344,-37.45900143745155
20720090000,0,1227,147.5732224812207,-37.45895543746034
20720090000,0,1228,147.57329548121976,-37.458864437465515
20720090000,0,1229,147.5733384812239,-37.45877243746832
20720090000,0,1230,147.57336848123302,-37.45865844746997
20720090000,0,1231,147.57339849125495,-37.45844143747097
20720090000,0,1232,147.57340046129448,-37.458120427469076
20720090000,0,1233,147.57338648130826,-37.458028427467376
20720090000,0,1234,147.57338750131942,-37.45793743746689
20720090000,0,1235,147.57340250132833,-37.4578454374675
20720090000,0,1236,147.57337348134453,-37.45775443746462
20720090000,0,1237,147.57333147136586,-37.457639427460585
20720090000,0,1238,147.5733174913797,-37.457547427458884
20720090000,0,1239,147.5733904913787,-37.45745643746408
20720090000,0,1240,147.57348846136327,-37.45744743747175
20720090000,0,1241,147.57356748134944,-37.45745142747802
20720090000,0,1242,147.5736465013344,-37.45746543748435
20720090000,0,1243,147.57373450131615,-37.45749242749147
20720090000,0,1244,147.5738495212939,-37.45751543750069
20720090000,0,1245,147.57396449127307,-37.45752742750985
20720090000,0,1246,147.57407848125095,-37.457550437519
20720090000,0,1247,147.57419448123414,-37.45752842752802
20720090000,0,1248,147.5744244312067,-37.4574374475456
20720090000,0,1249,147.57453944119575,-37.45736941755423
20720090000,0,1250,147.57466945118227,-37.457301407564074
20720090000,0,1251,147.5747994611674,-37.45724441757398
20720090000,0,1252,147.57491448115647,-37.45717640758264
20720090000,0,1253,147.5750154411509,-37.45708440759001
20720090000,0,1254,147.5751024511475,-37.4569934275963
20720090000,0,1255,147.5752174611337,-37.4569484176051
20720090000,0,1256,147.57536146111366,-37.456914407616274
20720090000,0,1257,147.5754764310899,-37.45694941762555
20720090000,0,1258,147.57559046105922,-37.45704141763516
20720090000,0,1259,147.57567546103346,-37.45713341764245
20720090000,0,1260,147.57574744100992,-37.457225417648715
20720090000,0,1261,147.57587446095286,-37.45751242766057
20720090000,0,1262,147.57587446094152,-37.457603407661146
20720090000,0,1263,147.5759434508701,-37.45808440766965
20720090000,0,1264,147.57602846084433,-37.45817640767695
20720090000,0,1265,147.57614347081915,-37.45822341768634
20720090000,0,1266,147.57625844079834,-37.45823442769549
20720090000,0,1267,147.57637345078018,-37.45822441770451
20720090000,0,1268,147.5764824407699,-37.458159427712694
20720090000,0,1269,147.5767344707576,-37.457916407731055
20720090000,0,1270,147.57677744076176,-37.45782440773386
20720090000,0,1271,147.57689343075202,-37.457745407742514
20720090000,0,1272,147.57712342071883,-37.45770041776041
20720090000,0,1273,147.57723843069797,-37.457712407769556
20720090000,0,1274,147.57746743065076,-37.457781417788084
20720090000,0,1275,147.5775824406299,-37.45779341779724
20720090000,0,1276,147.577812390591,-37.4577944178154
20720090000,0,1277,147.578056400544,-37.457841387834975
20720090000,0,1278,147.57817042051903,-37.457887397844274
20720090000,0,1279,147.57828543048825,-37.45797939785394
20720090000,0,1280,147.57839942045894,-37.45806039786346
20720090000,0,1281,147.57851345043113,-37.4581293978729
20720090000,0,1282,147.57862842040453,-37.458187397882355
20720090000,0,1283,147.5787434403809,-37.45822139789165
20720090000,0,1284,147.57885841036006,-37.45823340790081
20720090000,0,1285,147.578973420342,-37.45822239790982
20720090000,0,1286,147.57907438033627,-37.45813139791722
20720090000,0,1287,147.57914640033547,-37.45804039792233
20720090000,0,1288,147.579175380342,-37.457948397924035
20720090000,0,1289,147.57919038035226,-37.45784540792456
20720090000,0,1290,147.57917738036863,-37.45773138792281
20720090000,0,1291,147.5791203704011,-37.45754738791713
20720090000,0,1292,147.57912139041224,-37.457456407916645
20720090000,0,1293,147.57915439041525,-37.457387397918815
20720090000,0,1294,147.579191400417,-37.45732338792133
20720090000,0,1295,147.579267390412,-37.45726039792694
20720090000,0,1296,147.57933838040262,-37.4572393979324
20720090000,0,1297,147.57945340038458,-37.457228397941414
20720090000,0,1298,147.57956837036372,-37.45724039795057
20720090000,0,1299,147.57968240034012,-37.457275397959805
20720090000,0,1300,147.57981139031267,-37.457321387970275
20720090000,0,1301,147.58004039025693,-37.45745939798925
20720090000,0,1302,147.58015540022745,-37.45754039799884
20720090000,0,1303,147.58026939018532,-37.45772439800901
20720090000,0,1304,147.58034038016058,-37.457827408015284
20720090000,0,1305,147.58041138013718,-37.45791940802147
20720090000,0,1306,147.58052540011073,-37.45797739803084
20720090000,0,1307,147.5806403800856,-37.458023398040226
20720090000,0,1308,147.5808704000411,-37.458069408058684
20720090000,0,1309,147.58098541002298,-37.458059398067704
20720090000,0,1310,147.58110039000928,-37.4580134080765
20720090000,0,1311,147.5812013800036,-37.457922398083895
20720090000,0,1312,147.5813163599913,-37.45786540809261
20720090000,0,1313,147.58143136997748,-37.45782039810142
20720090000,0,1314,147.58154736996212,-37.45778638811037
20720090000,0,1315,147.58166135994426,-37.45777537811931
20720090000,0,1316,147.5817763299234,-37.45778736812845
20720090000,0,1317,147.58213533985418,-37.45785737815726
20720090000,0,1318,147.58237934981003,-37.45788138817668
20720090000,0,1319,147.5824943597935,-37.45785837818563
20720090000,0,1320,147.58260936978394,-37.45777937819422
20720090000,0,1321,147.5827103697783,-37.457687378201605
20720090000,0,1322,147.58282635976573,-37.45763137821041
20720090000,0,1323,147.5829553497482,-37.45759737822038
20720090000,0,1324,147.5830703297288,-37.45759737822947
20720090000,0,1325,147.5831753397045,-37.4576503782381
20720090000,0,1326,147.5832993296729,-37.457736388248435
20720090000,0,1327,147.58335630965198,-37.45782738825351
20720090000,0,1328,147.58335531964073,-37.45791938825403
20720090000,0,1329,147.58336933962696,-37.45801138825571
20720090000,0,1330,147.58331034959136,-37.45837736825339
20720090000,0,1331,147.5832663695875,-37.45846837825049
20720090000,0,1332,147.5832213695595,-37.45875438824875
20720090000,0,1333,147.58317737955548,-37.45884638824586
20720090000,0,1334,147.5829313395444,-37.45926938822911
20720090000,0,1335,147.5828873495405,-37.459360368226214
20720090000,0,1336,147.58280033954387,-37.459451368219916
20720090000,0,1337,147.58272835954318,-37.4595543782149
20720090000,0,1338,147.5826843395392,-37.459646378212
20720090000,0,1339,147.5826693795304,-37.45973737821138
20720090000,0,1340,147.58278434950242,-37.45980638822092
20720090000,0,1341,147.5828993594829,-37.459807388230004
20720090000,0,1342,147.58301338945662,-37.45986438823938
20720090000,0,1343,147.5831283594315,-37.45991037824875
20720090000,0,1344,147.58324333940774,-37.459945378258055
20720090000,0,1345,147.58335834938822,-37.45994637826715
20720090000,0,1346,147.58347233936465,-37.45998137827639
20720090000,0,1347,147.58355836933885,-37.460072378283755
20720090000,0,1348,147.58358636932115,-37.46017638828662
20720090000,0,1349,147.58360033930748,-37.4602673682883
20720090000,0,1350,147.5835983692821,-37.46047438828946
20720090000,0,1351,147.58354033926778,-37.460668378286115
20720090000,0,1352,147.58347934926152,-37.46080136828214
20720090000,0,1353,147.5833223592619,-37.461011388271075
20720090000,0,1354,147.58326435926037,-37.46110238826706
20720090000,0,1355,147.58317836926355,-37.46119338826085
20720090000,0,1356,147.58314938925702,-37.46128538825916
20720090000,0,1357,147.5831333592469,-37.46138837825854
20720090000,0,1358,147.5831043492405,-37.461479378256826
20720090000,0,1359,147.58310434922905,-37.46157137825741
20720090000,0,1360,147.5831173792155,-37.461662378259014
20720090000,0,1361,147.5831453691979,-37.46176638826189
20720090000,0,1362,147.58323136917195,-37.461858368269276
20720090000,0,1363,147.58334637914834,-37.46189236827856
20720090000,0,1364,147.58359037910415,-37.461916388298
20720090000,0,1365,147.5838193390569,-37.46198636831653
20720090000,0,1366,147.58400538900125,-37.46218137833247
20720090000,0,1367,147.58410535897295,-37.46227337834094
20720090000,0,1368,147.5842193489451,-37.4623423883504
20720090000,0,1369,147.58430537891917,-37.46243438835777
20720090000,0,1370,147.58443337886328,-37.462710388369636
20720090000,0,1371,147.58449035884223,-37.46280238837473
20720090000,0,1372,147.58460434881306,-37.462882378384236
20720090000,0,1373,147.58471837878523,-37.462951388393684
20720090000,0,1374,147.58496237872257,-37.46312437841405
20720090000,0,1375,147.5850333686992,-37.46321637842025
20720090000,0,1376,147.5851173586508,-37.46349138842865
20720090000,0,1377,147.58520334861342,-37.4636753884366
20720090000,0,1378,147.5852313485974,-37.46376638843939
20720090000,0,1379,147.58531635856016,-37.46395038844728
20720090000,0,1380,147.58534434854403,-37.464042388450075
20720090000,0,1381,147.58538734852544,-37.46413336845405
20720090000,0,1382,147.58544435850436,-37.46422536845915
20720090000,0,1383,147.58557232847423,-37.46429437846968
20720090000,0,1384,147.58568733845183,-37.464318368478935
20720090000,0,1385,147.58580234843245,-37.46431836848802
20720090000,0,1386,147.58591736842013,-37.46426136849675
20720090000,0,1387,147.58600536842008,-37.46414237850293
20720090000,0,1388,147.58609336841383,-37.464073378509454
20720090000,0,1389,147.58613431841042,-37.4640453885125
20720090000,0,1390,147.586249328391,-37.46404538852158
20720090000,0,1391,147.58636430836304,-37.46411436853112
20720090000,0,1392,147.58647832833373,-37.464195378540644
20720090000,0,1393,147.58652030831516,-37.46428737854453
20720090000,0,1394,147.5865343183,-37.4643903685463
20720090000,0,1395,147.58657731827995,-37.46449337855036
20720090000,0,1396,147.58669032823803,-37.46467737856045
20720090000,0,1397,147.58672233822404,-37.46474638856343
20720090000,0,1398,147.58686132817348,-37.464964368575785
20720090000,0,1399,147.58693231815022,-37.465055378581994
20720090000,0,1400,147.58704732811935,-37.465147378591645
20720090000,0,1401,147.58714730809103,-37.46523937860014
20720090000,0,1402,147.5872753080579,-37.46533237861084
20720090000,0,1403,147.5873473280329,-37.46543537861719
20720090000,0,1404,147.58738933801442,-37.4655273786211
20720090000,0,1405,147.5874173279969,-37.465630368623955
20720090000,0,1406,147.58743130798032,-37.46574438862579
20720090000,0,1407,147.58741630797007,-37.46584737862526
20720090000,0,1408,147.58743032795627,-37.46593937862695
20720090000,0,1409,147.58741531794735,-37.46603137862634
20720090000,0,1410,147.58737130794196,-37.46613438862352
20720090000,0,1411,147.58735629793318,-37.46622538862291
20720090000,0,1412,147.58737031791935,-37.4663173886246
20720090000,0,1413,147.58742732789693,-37.46642037862977
20720090000,0,1414,147.58751332786812,-37.46653536863729
20720090000,0,1415,147.5876263278262,-37.46671937864738
20720090000,0,1416,147.58769834780273,-37.46681037865365
20720090000,0,1417,147.58774031778137,-37.466925368657705
20720090000,0,1418,147.58776831776518,-37.46701736866051
20720090000,0,1419,147.58778232775137,-37.46710936866219
20720090000,0,1420,147.5877242977384,-37.46729237865876
20720090000,0,1421,147.58772330772726,-37.467383378659285
20720090000,0,1422,147.5876933477195,-37.467486388657555
20720090000,0,1423,147.58772133768917,-37.467692378661084
20720090000,0,1424,147.58776429767045,-37.46778437866506
20720090000,0,1425,147.5878063076506,-37.46788736866903
20720090000,0,1426,147.58783433763438,-37.467979368671834
20720090000,0,1427,147.58797734758738,-37.46816337868431
20720090000,0,1428,147.58809830754012,-37.46837937869524
20720090000,0,1429,147.58816232751911,-37.46846136870081
20720090000,0,1430,147.5883333374674,-37.46864536871549
20720090000,0,1431,147.5883762974487,-37.468737368719474
20720090000,0,1432,147.58844732742529,-37.46882937872567
20720090000,0,1433,147.5885623373973,-37.468898378735204
20720090000,0,1434,147.5886333273725,-37.46900138874147
20720090000,0,1435,147.58867529735397,-37.469093388745364
20720090000,0,1436,147.58870431733763,-37.46918538874824
20720090000,0,1437,147.58870333732648,-37.46927636874874
20720090000,0,1438,147.58865931732106,-37.46937937874591
20720090000,0,1439,147.58860135731945,-37.469471378741915
20720090000,0,1440,147.58848633733325,-37.46951636873312
20720090000,0,1441,147.58837136735275,-37.469515368724025
20720090000,0,1442,147.58822733737568,-37.46952637871272
20720090000,0,1443,147.58811232739794,-37.46950338870348
20720090000,0,1444,147.58799837741867,-37.46949137869439
20720090000,0,1445,147.58788335743807,-37.469491378685305
20720090000,0,1446,147.587624357479,-37.46951337866499
20720090000,0,1447,147.58749536749804,-37.46953536865493
20720090000,0,1448,147.58737936751052,-37.469592388646134
20720090000,0,1449,147.58725034752234,-37.469672378636446
20720090000,0,1450,147.5871493875267,-37.469774368629125
20720090000,0,1451,147.5870623675257,-37.46990037862304
20720090000,0,1452,147.58700334752282,-37.470003388619034
20720090000,0,1453,147.58696034751875,-37.47009438861621
20720090000,0,1454,147.58687234749942,-37.47036938861101
20720090000,0,1455,147.5868143474979,-37.47046036860701
20720090000,0,1456,147.5867424074987,-37.4705513686019
20720090000,0,1457,147.58668338749436,-37.470666388597955
20720090000,0,1458,147.5866694074854,-37.47075738859743
20720090000,0,1459,147.58661038747258,-37.470940368593936
20720090000,0,1460,147.5865953874623,-37.4710433785934
20720090000,0,1461,147.58662337744616,-37.4711353785962
20720090000,0,1462,147.58669437742273,-37.47122737860239
20720090000,0,1463,147.5868183973957,-37.47127638861251
20720090000,0,1464,147.58711934733947,-37.47132037863657
20720090000,0,1465,147.58739736728808,-37.47135637865877
20720090000,0,1466,147.58751233726733,-37.47136736866792
20720090000,0,1467,147.5876273472421,-37.4714143786773
20720090000,0,1468,147.5877423572141,-37.47148338868683
20720090000,0,1469,147.58784236718574,-37.471575388695314
20720090000,0,1470,147.58791336716234,-37.471667378701504
20720090000,0,1471,147.5879413571463,-37.47175838870429
20720090000,0,1472,147.58794033712357,-37.47194238870538
20720090000,0,1473,147.58795435710988,-37.472033368707066
20720090000,0,1474,147.5879533670986,-37.47212536870758
20720090000,0,1475,147.58792434709216,-37.47221636870586
20720090000,0,1476,147.58790934708193,-37.47231937870533
20720090000,0,1477,147.5878503670691,-37.47250237870185
20720090000,0,1478,147.5878213870612,-37.47260536870019
20720090000,0,1479,147.5878063470523,-37.47269736869959
20720090000,0,1480,147.58784937703356,-37.472789368703594
20720090000,0,1481,147.58796336700303,-37.47288036871316
20720090000,0,1482,147.58807834698214,-37.47289237872233
20720090000,0,1483,147.58819335696543,-37.47287038873128
20720090000,0,1484,147.58832336695062,-37.47281338874119
20720090000,0,1485,147.5884383469439,-37.472711378749636
20720090000,0,1486,147.58855437694706,-37.47252837875762
20720090000,0,1487,147.58862733694758,-37.472425388762744
20720090000,0,1488,147.5887283369434,-37.47232237877007
20720090000,0,1489,147.58880034694255,-37.47223137877518
20720090000,0,1490,147.58891634694572,-37.472048378783185
20720090000,0,1491,147.58903234693597,-37.47196937879185
20720090000,0,1492,147.58914735691795,-37.47195836880087
20720090000,0,1493,147.58926236689854,-37.47195836880996
20720090000,0,1494,147.58937631687357,-37.47200437881926
20720090000,0,1495,147.58949133684698,-37.47206237882872
20720090000,0,1496,147.5896053168163,-37.472154378838304
20720090000,0,1497,147.58972029678682,-37.472235368847905
20720090000,0,1498,147.589834326759,-37.472304378857345
20720090000,0,1499,147.58994933673387,-37.47235038886674
20720090000,0,1500,147.59006430671297,-37.47236236887589
20720090000,0,1501,147.5902933466685,-37.472409378894305
20720090000,0,1502,147.59040832665048,-37.47239837890331
20720090000,0,1503,147.59052431663662,-37.472352388912185
20720090000,0,1504,147.59063932662417,-37.472296388920924
20720090000,0,1505,147.59075433661337,-37.47222737892957
20720090000,0,1506,147.59086935659818,-37.47219337893845
20720090000,0,1507,147.59098432657865,-37.47219437894754
20720090000,0,1508,147.5910993065564,-37.47221736895677
20720090000,0,1509,147.59121332653143,-37.47226337896608
20720090000,0,1510,147.59132830650063,-37.472355378975735
20720090000,0,1511,147.59142831647227,-37.47244737898423
20720090000,0,1512,147.59149930644736,-37.47255136899051
20720090000,0,1513,147.5915703364241,-37.472642368996695
20720090000,0,1514,147.59165629639816,-37.47273435900407
20720090000,0,1515,147.59177130637002,-37.47280435901361
20720090000,0,1516,147.59188529634082,-37.47288434902313
20720090000,0,1517,147.59213626627297,-37.47308936904426
20720090000,0,1518,147.59227127622418,-37.473298359056265
20720090000,0,1519,147.59229927620802,-37.47339036905906
20720090000,0,1520,147.59228828620166,-37.47345634905861
20720090000,0,1521,147.59226529619758,-37.4735203590572
20720090000,0,1522,147.5922322661953,-37.47358335905499
20720090000,0,1523,147.5921533161972,-37.47367535904933
20720090000,0,1524,147.59192233621337,-37.473858359032235
20720090000,0,1525,147.59182134621912,-37.47394937902483
20720090000,0,1526,147.5917063362314,-37.47400637901611
20720090000,0,1527,147.59159132624657,-37.474040379007235
20720090000,0,1528,147.59136031627423,-37.47413137898956
20720090000,0,1529,147.59113032630466,-37.474198388971814
20720090000,0,1530,147.59101531631416,-37.474278378963234
20720090000,0,1531,147.5909863363077,-37.47436937896152
20720090000,0,1532,147.5909853462951,-37.47447236896209
20720090000,0,1533,147.59107130626916,-37.474564378969454
20720090000,0,1534,147.59130030621606,-37.474680388988304
20720090000,0,1535,147.59141531619093,-37.47472637899769
20720090000,0,1536,147.59154430616343,-37.47477238900818
20720090000,0,1537,147.59165833613986,-37.47480736901741
20720090000,0,1538,147.59177334612045,-37.47480736902649
20720090000,0,1539,147.59188832609956,-37.474819379035665
20720090000,0,1540,147.59211732604646,-37.47493535905449
20720090000,0,1541,147.59223229602134,-37.47498136906387
20720090000,0,1542,147.5924623259767,-37.47502835908236
20720090000,0,1543,147.5925763159489,-37.47509735909181
20720090000,0,1544,147.59277629589224,-37.47528135910877
20720090000,0,1545,147.59289028586156,-37.47537335911838
20720090000,0,1546,147.59300529583643,-37.475419369127756
20720090000,0,1547,147.59312026581554,-37.47543135913692
20720090000,0,1548,147.5932352857933,-37.475454349146155
20720090000,0,1549,147.593350295768,-37.47550135915554
20720090000,0,1550,147.5934642857417,-37.47555835916491
20720090000,0,1551,147.5935783057095,-37.47566236917459
20720090000,0,1552,147.59369328568016,-37.47574235918419
20720090000,0,1553,147.59382231564834,-37.47582334919488
20720090000,0,1554,147.5939513056222,-37.4758583592053
20720090000,0,1555,147.5940662755999,-37.475881329214545
20720090000,0,1556,147.59418026558058,-37.47588234922356
20720090000,0,1557,147.59429626557093,-37.475802339232224
20720090000,0,1558,147.5943682755701,-37.47571133923734
20720090000,0,1559,147.59442627557178,-37.47561933924134
20720090000,0,1560,147.59454428559744,-37.475253349248334
20720090000,0,1561,147.59458727560147,-37.475162349251164
20720090000,0,1562,147.5946742955981,-37.47507134925747
20720090000,0,1563,147.5948042755848,-37.4750023392673
20720090000,0,1564,147.59491829556544,-37.47500333927633
20720090000,0,1565,147.5950332755432,-37.475026339285556
20720090000,0,1566,147.5951632455154,-37.475073349296125
20720090000,0,1567,147.59546324543615,-37.47530333932129
20720090000,0,1568,147.595548245409,-37.47540634932868
20720090000,0,1569,147.59567727537154,-37.47553234933967
20720090000,0,1570,147.59581926532468,-37.47571632935207
20720090000,0,1571,147.5959342752952,-37.47579732936167
20720090000,0,1572,147.5960482652645,-37.47588932937127
20720090000,0,1573,147.5961772552313,-37.47598132938206
20720090000,0,1574,147.59627726520296,-37.476073329390545
20720090000,0,1575,147.59640625517113,-37.476154319401246
20720090000,0,1576,147.59657225512095,-37.476332329415506
20720090000,0,1577,147.59669223508865,-37.47642931942562
20720090000,0,1578,147.59680625506357,-37.476476329434924
20720090000,0,1579,147.5969212650369,-37.47653432944438
20720090000,0,1580,147.5970502650052,-37.476614319455095
20720090000,0,1581,147.59727926495225,-37.47672931947392
20720090000,0,1582,147.59739325492296,-37.47681032948344
20720090000,0,1583,147.59747924489696,-37.47690232949083
20720090000,0,1584,147.59759327485483,-37.47708632950101
20720090000,0,1585,147.59763524483355,-37.47720032950506
20720090000,0,1586,147.59766422481573,-37.477304319508015
20720090000,0,1587,147.5976912347884,-37.477487319511305
20720090000,0,1588,147.59769025476442,-37.477681329512464
20720090000,0,1589,147.59767623475454,-37.477779319511974
20720090000,0,1590,147.59758823474453,-37.477979329506276
20720090000,0,1591,147.59751527474552,-37.4780703295011
20720090000,0,1592,147.59745727474385,-37.47816232949709
20720090000,0,1593,147.59735624474956,-37.47825332948968
20720090000,0,1594,147.59724126475916,-37.4783323194811
20720090000,0,1595,147.5971112547725,-37.478401329471254
20720090000,0,1596,147.59698226479,-37.47843532946127
20720090000,0,1597,147.59675223482333,-37.47847932944338
20720090000,0,1598,147.59663726484126,-37.478491329434355
20720090000,0,1599,147.59640629487467,-37.47853632941638
20720090000,0,1600,147.5962912848942,-37.478535339407294
20720090000,0,1601,147.59616228491458,-37.47854634939716
20720090000,0,1602,147.5958172949729,-37.47854532936989
20720090000,0,1603,147.59570228499095,-37.478556339360864
20720090000,0,1604,147.59558726501334,-37.47853234935162
20720090000,0,1605,147.59547229503278,-37.47853234934253
20720090000,0,1606,147.5950562650986,-37.47856734930986
20720090000,0,1607,147.59497731510814,-37.478597339303825
20720090000,0,1608,147.59488329511822,-37.47864434929669
20720090000,0,1609,147.59482529511516,-37.478747339292745
20720090000,0,1610,147.59481029510624,-37.47883933929215
20720090000,0,1611,147.59485226508787,-37.47893033929604
20720090000,0,1612,147.59498129505883,-37.47898832930661
20720090000,0,1613,147.59509627503508,-37.47902333931592
20720090000,0,1614,147.5952112850157,-37.479023339325
20720090000,0,1615,147.5953262949933,-37.47904734933426
20720090000,0,1616,147.59546930496478,-37.47908234934578
20720090000,0,1617,147.5956983049176,-37.47915133936433
20720090000,0,1618,147.59581331489528,-37.47917432937357
20720090000,0,1619,147.59592828487155,-37.47920933938288
20720090000,0,1620,147.59612929481756,-37.479370339399786
20720090000,0,1621,147.59620028479412,-37.47946233940598
20720090000,0,1622,147.59628427474576,-37.47973733941437
20720090000,0,1623,147.5962842747328,-37.47984134941503
20720090000,0,1624,147.59624028472888,-37.47993233941213
20720090000,0,1625,147.59615331473225,-37.48002333940583
20720090000,0,1626,147.59605227473799,-37.48011433939843
20720090000,0,1627,147.5959373047503,-37.48017133938969
20720090000,0,1628,147.5958222947612,-37.480239339381036
20720090000,0,1629,147.59547627479836,-37.48041033935477
20720090000,0,1630,147.59536027481232,-37.48045534934588
20720090000,0,1631,147.5952742848154,-37.48054734933968
20720090000,0,1632,147.59538827478468,-37.48063934934928
20720090000,0,1633,147.59573228470947,-37.48077733937735
20720090000,0,1634,147.59596230466192,-37.480847339395964
20720090000,0,1635,147.5961912746174,-37.48089433941439
20720090000,0,1636,147.59630628459377,-37.48092833942367
20720090000,0,1637,147.5967653045046,-37.481022339460566
20720090000,0,1638,147.5968952844812,-37.481034319470915
20720090000,0,1639,147.59702427445657,-37.48105731948125
20720090000,0,1640,147.59761327435692,-37.481059319527844
20720090000,0,1641,147.59772824433603,-37.481071319536994
20720090000,0,1642,147.5978422743139,-37.48109431954615
20720090000,0,1643,147.59795728429302,-37.48110632955534
20720090000,0,1644,147.5981872342455,-37.481176329573955
20720090000,0,1645,147.59830224421887,-37.48123432958341
20720090000,0,1646,147.5983442542003,-37.48132632958732
20720090000,0,1647,147.59835725418728,-37.4814133295889
20720090000,0,1648,147.59833925418246,-37.481476329587885
20720090000,0,1649,147.59831425417877,-37.481540319586315
20720090000,0,1650,147.59828527417613,-37.481600329584396
20720090000,0,1651,147.5982272441746,-37.481691329580386
20720090000,0,1652,147.59814026417786,-37.481783329574085
20720090000,0,1653,147.5980252841888,-37.481851319565436
20720090000,0,1654,147.5978232942002,-37.482033319550624
20720090000,0,1655,147.59770729420833,-37.48212532954204
20720090000,0,1656,147.59751928422025,-37.48228432952819
20720090000,0,1657,147.5974042742169,-37.48246731952025
20720090000,0,1658,147.59736029421154,-37.48257031951742
20720090000,0,1659,147.5973452942027,-37.48266132951682
20720090000,0,1660,147.59740230418166,-37.482753329521934
20720090000,0,1661,147.5975162941567,-37.482799319531225
20720090000,0,1662,147.59774627411488,-37.48282332954955
20720090000,0,1663,147.59786129409682,-37.48281231955858
20720090000,0,1664,147.5979762640802,-37.48279032956753
20720090000,0,1665,147.5980912740621,-37.48277931957655
20720090000,0,1666,147.59820628403983,-37.482802329585795
20720090000,0,1667,147.59832126402046,-37.48280232959488
20720090000,0,1668,147.5984362339967,-37.4828373196042
20720090000,0,1669,147.59855125397578,-37.48284931961336
20720090000,0,1670,147.59889624392164,-37.48281631964043
20720090000,0,1671,147.599011263905,-37.482794319649365
20720090000,0,1672,147.59912627388692,-37.48278330965841
20720090000,0,1673,147.5992552638652,-37.482783309668605
20720090000,0,1674,147.59935625384952,-37.48277230967651
20720090000,0,1675,147.59948528383333,-37.48272730968644
20720090000,0,1676,147.5996002638139,-37.48272730969553
20720090000,0,1677,147.59973027379473,-37.48270529970566
20720090000,0,1678,147.59996026375865,-37.482683299723696
20720090000,0,1679,147.600218273715,-37.48268429974411
20720090000,0,1680,147.60044928367873,-37.48266230976225
20720090000,0,1681,147.6005632036595,-37.48266230977125
20720090000,0,1682,147.60069325363472,-37.48268529978167
20720090000,0,1683,147.60129619352546,-37.48274529982973
20720090000,0,1684,147.60141022350336,-37.48276828983889
20720090000,0,1685,147.60154019347556,-37.48281527984947
20720090000,0,1686,147.6016542234492,-37.48287227985885
20720090000,0,1687,147.60178321341735,-37.48295328986955
20720090000,0,1688,147.60186924339143,-37.48304528987695
20720090000,0,1689,147.60195421336425,-37.48314827988433
20720090000,0,1690,147.60202623334064,-37.4832402798906
20720090000,0,1691,147.60206820332206,-37.483332279894505
20720090000,0,1692,147.60218223328005,-37.48351528990467
20720090000,0,1693,147.60222523325982,-37.48361928990875
20720090000,0,1694,147.60231023322274,-37.483802289916625
20720090000,0,1695,147.60235221320278,-37.483905279920606
20720090000,0,1696,147.6023522131871,-37.484031289921404
20720090000,0,1697,147.60232221317935,-37.484134299919695
20720090000,0,1698,147.6022642131777,-37.48422629991569
20720090000,0,1699,147.60223523316972,-37.484329289914044
20720090000,0,1700,147.6021772331682,-37.48442028991004
20720090000,0,1701,147.60212821316526,-37.484510289906744
20720090000,0,1702,147.60210419315777,-37.48460328990542
20720090000,0,1703,147.60207521315118,-37.48469528990371
20720090000,0,1704,147.6020892331375,-37.484786289905415
20720090000,0,1705,147.6021172231213,-37.4848782899082
20720090000,0,1706,147.60217424310022,-37.484970289913285
20720090000,0,1707,147.60233221306922,-37.485005289926
20720090000,0,1708,147.60244722304978,-37.48500528993511
20720090000,0,1709,147.60256223303173,-37.48499428994412
20720090000,0,1710,147.60279222300423,-37.484903289961736
20720090000,0,1711,147.60290723299184,-37.484847289970475
20720090000,0,1712,147.60325325295034,-37.48471128999698
20720090000,0,1713,147.60336822293382,-37.48468830000591
20720090000,0,1714,147.60348320291865,-37.484654270014794
20720090000,0,1715,147.60359821290058,-37.484643270023824
20720090000,0,1716,147.6037281928814,-37.484621270033955
20720090000,0,1717,147.60384320286337,-37.484610260042984
20720090000,0,1718,147.6039571928441,-37.484610260052
20720090000,0,1719,147.604072162819,-37.4846562700614
20720090000,0,1720,147.60421721278865,-37.48470326007316
20720090000,0,1721,147.6043021927701,-37.48473727008009
20720090000,0,1722,147.60437321274665,-37.48482927008631
20720090000,0,1723,147.60437219273396,-37.48493227008688
20720090000,0,1724,147.60434318272743,-37.48502428008515
20720090000,0,1725,147.60427120272823,-37.48511528008004
20720090000,0,1726,147.6042132027267,-37.485206280076035
20720090000,0,1727,147.60408319273733,-37.48529726006634
20720090000,0,1728,147.6039681727496,-37.48535428005759
20720090000,0,1729,147.60385221276061,-37.485423260048854
20720090000,0,1730,147.60372322277541,-37.48547926003902
20720090000,0,1731,147.60360722278787,-37.4855362800302
20720090000,0,1732,147.6034922127988,-37.48560429002154
20720090000,0,1733,147.60311823284775,-37.4857182799927
20720090000,0,1734,147.60298822286833,-37.48572928998249
20720090000,0,1735,147.60287325288922,-37.485717289973316
20720090000,0,1736,147.6027582429059,-37.48573927996436
20720090000,0,1737,147.60264322291957,-37.485785289955565
20720090000,0,1738,147.60251325293308,-37.48585329994571
20720090000,0,1739,147.60241221294166,-37.48592127993816
20720090000,0,1740,147.6023262229448,-37.486012289931935
20720090000,0,1741,147.6022102229416,-37.48619528992391
20720090000,0,1742,147.6022382229254,-37.48628728992673
20720090000,0,1743,147.60235221289756,-37.48635628993618
20720090000,0,1744,147.60246722287096,-37.486414289945635
20720090000,0,1745,147.60258223284154,-37.486494289955246
20720090000,0,1746,147.6026962228151,-37.48655227996462
20720090000,0,1747,147.60281123278997,-37.486598289974
20720090000,0,1748,147.6029402327596,-37.48666729998464
20720090000,0,1749,147.60304020273128,-37.48675927999314
20720090000,0,1750,147.60315422270057,-37.486851280002725
20720090000,0,1751,147.60332621264862,-37.487035280017516
20720090000,0,1752,147.60344020261928,-37.48711629002704
20720090000,0,1753,147.60351123259446,-37.4872192800333
20720090000,0,1754,147.60363920253863,-37.48749428004517
20720090000,0,1755,147.60369621251755,-37.487586280050266
20720090000,0,1756,147.60373921249885,-37.48767829005425
20720090000,0,1757,147.6038102424754,-37.48777029006045
20720090000,0,1758,147.6039252524531,-37.487793280069695
20720090000,0,1759,147.60404023243072,-37.487817290078944
20720090000,0,1760,147.6041552024113,-37.48781729008804
20720090000,0,1761,147.60461521234487,-37.48772727012384
20720090000,0,1762,147.60474522233,-37.48767027013376
20720090000,0,1763,147.6050041922975,-37.487580270153664
20720090000,0,1764,147.60511920228095,-37.48755728016262
20720090000,0,1765,147.60523418226578,-37.48752327017149
20720090000,0,1766,147.60534919225336,-37.48746727018024
20720090000,0,1767,147.6055801622257,-37.48737627019793
20720090000,0,1768,147.6056951722134,-37.48731927020665
20720090000,0,1769,147.60581018219682,-37.48729628021561
20720090000,0,1770,147.60592519217442,-37.48732027022486
20720090000,0,1771,147.60611120213582,-37.487378270239944
20720090000,0,1772,147.60622621210644,-37.48745825024955
20720090000,0,1773,147.60645517204486,-37.48764225026882
20720090000,0,1774,147.6065262020214,-37.48773425027503
20720090000,0,1775,147.60658318200035,-37.48782625028012
20720090000,0,1776,147.60665421196782,-37.487991250286775
20720090000,0,1777,147.60667217195692,-37.488054240288605
20720090000,0,1778,147.6066822019465,-37.48812425028983
20720090000,0,1779,147.60671020193035,-37.48821625029264
20720090000,0,1780,147.60672418191663,-37.48830725029432
20720090000,0,1781,147.60675218190045,-37.48839925029712
20720090000,0,1782,147.6067661918866,-37.488491250298814
20720090000,0,1783,147.60682317186556,-37.4885832503039
20720090000,0,1784,147.6069081818284,-37.488766250311805
20720090000,0,1785,147.60693617181224,-37.4888582503146
20720090000,0,1786,147.6069791717906,-37.488973250318715
20720090000,0,1787,147.60700720177456,-37.489064250321505
20720090000,0,1788,147.6070072017631,-37.489156250322104
20720090000,0,1789,147.60699216175433,-37.48924725032149
20720090000,0,1790,147.60699118174298,-37.489339250322
20720090000,0,1791,147.60703217170047,-37.48962524032706
20720100000,0,0,147.3060124585197,-37.68512927793747
20720100000,0,1,147.30384045752498,-37.69619599783813
20720100000,0,2,147.3038043975089,-37.696376037836465
20720100000,0,3,147.30299974766132,-37.69625260777301
20720100000,0,4,147.3018403978219,-37.696552957684624
20720100000,0,5,147.30109685796177,-37.69644630762606
20720100000,0,6,147.29928747848075,-37.69473928747442
20720100000,0,7,147.29491554930053,-37.69413400713023
20720100000,0,8,147.29286377986045,-37.69242885695978
20720100000,0,9,147.29149638026374,-37.691047406844646
20720100000,0,10,147.2895473906446,-37.69065293669047
20720100000,0,11,147.28644295138633,-37.688927386438024
20720100000,0,12,147.28570036165658,-37.68776069637289
20720100000,0,13,147.2844481919281,-37.6872890962725
20720100000,0,14,147.28202944251535,-37.685867926075375
20720100000,0,15,147.2814310328021,-37.68436781601936
20720100000,0,16,147.2807577831137,-37.68276901595689
20720100000,0,17,147.28207930299303,-37.68192024605435
20720100000,0,18,147.28374998292963,-37.680124066172965
20720100000,0,19,147.28374998299037,-37.67963059616985
20720100000,0,20,147.28387463304932,-37.67897923617545
20720100000,0,21,147.28377491311983,-37.678544986164944
20720100000,0,22,147.2830268833469,-37.67773571610166
20720100000,0,23,147.28255311351512,-37.67702513606032
20720100000,0,24,147.28278291361102,-37.675928836071265
20720100000,0,25,147.28267776372965,-37.67511051605791
20720100000,0,26,147.28232867393982,-37.67388673602305
20720100000,0,27,147.28153078422395,-37.67268268595339
20720100000,0,28,147.2814559643339,-37.67189315594257
20720100000,0,29,147.28105697445292,-37.67147864590893
20720100000,0,30,147.28030894465076,-37.670906235847134
20720100000,0,31,147.28018422474977,-37.67027461583345
20720100000,0,32,147.28008454494653,-37.66881396581647
20720100000,0,33,147.28028398501462,-37.66798495582676
20720100000,0,34,147.28128554489462,-37.667574485902065
20720100000,0,35,147.28233462472733,-37.667482225983086
20720100000,0,36,147.2831651446767,-37.66674407604304
20720100000,0,37,147.28412681441216,-37.66756295612302
20720100000,0,38,147.2856566741545,-37.66753988624189
20720100000,0,39,147.28657461411743,-37.66657107630719
20720100000,0,40,147.28801709397692,-37.66571759641406
20720100000,0,41,147.28922644381927,-37.66532545650568
20720100000,0,42,147.28937215385125,-37.6648641165141
20720100000,0,43,147.28906617400278,-37.664056766485196
20720100000,0,44,147.28953242398163,-37.6635838865185
20720100000,0,45,147.2900569638909,-37.66359542655939
20720100000,0,46,147.29103315387664,-37.66236134662757
20720100000,0,47,147.29062519405545,-37.66147325659021
20720100000,0,48,147.29084376410347,-37.66078124660285
20720100000,0,49,147.29094574417985,-37.660020046605986
20720100000,0,50,147.29329159389127,-37.659120426782884
20720100000,0,51,147.29457380362612,-37.659501026885096
20720100000,0,52,147.29512747343531,-37.66028531693312
20720100000,0,53,147.2961037032066,-37.660792787012326
20720100000,0,54,147.29839126283989,-37.660608247189245
20720100000,0,55,147.29917806285513,-37.65939723724286
20720100000,0,56,147.30005231280148,-37.65862449730604
20720100000,0,57,147.30031456275688,-37.658624497326464
20720100000,0,58,147.30066054272257,-37.65842500735214
20720100000,0,59,147.3065273016121,-37.65933272781475
20720100000,0,60,147.3033505502012,-37.67516900766731
20720100000,0,61,147.30149456935808,-37.684572667582124
20720100000,0,62,147.3060124585197,-37.68512927793747
20720110000,0,0,144.89808823876882,-37.713609342353706
20720110000,0,1,144.89890977858389,-37.7140051424121
20720110000,0,2,144.8998642883691,-37.71446537247996
20720110000,0,3,144.90021223812235,-37.716194062514376
20720110000,0,4,144.8997705179627,-37.71838195249788
20720110000,0,5,144.89885181815944,-37.71803283243319
20720110000,0,6,144.89876578818084,-37.71797217242695
20720110000,0,7,144.89756372853037,-37.71666078233696
20720110000,0,8,144.89808823876882,-37.713609342353706
20720120000,0,0,144.8797307103772,-37.72816277119502
20720120000,0,1,144.87978469037384,-37.72810725119834
20720120000,0,2,144.88011556034263,-37.727865081219335
20720120000,0,3,144.8805968202679,-37.72778563125157
20720120000,0,4,144.880770080236,-37.72780292126346
20720120000,0,5,144.88072303021394,-37.728082941261995
20720120000,0,6,144.8802776202962,-37.728035561231415
20720120000,0,7,144.88004847031254,-37.728252051217176
20720120000,0,8,144.8800063903131,-37.728314411214704
20720120000,0,9,144.8797307103772,-37.72816277119502
20720130000,0,0,144.86948303859353,-37.76117583070322
20720130000,0,1,144.8704345583037,-37.76233323077508
20720130000,0,2,144.87211694799393,-37.762500770890455
20720130000,0,3,144.87231061795643,-37.76253734090385
20720130000,0,4,144.87217764794875,-37.762822350896585
20720130000,0,5,144.87211764794498,-37.76295335089332
20720130000,0,6,144.87202763793235,-37.763215360888836
20720130000,0,7,144.87189659791335,-37.763602380882325
20720130000,0,8,144.87176563789484,-37.76398437087578
20720130000,0,9,144.87165160788302,-37.76427739086986
20720130000,0,10,144.87151451792468,-37.764111280859495
20720130000,0,11,144.8710825080074,-37.7640389508297
20720130000,0,12,144.8699706082138,-37.763912850753336
20720130000,0,13,144.86995863821605,-37.76391152075251
20720130000,0,14,144.86987935827887,-37.76345620074431
20720130000,0,15,144.86953603855136,-37.76148143070873
20720130000,0,16,144.86948303859353,-37.76117583070322
20720140000,0,0,144.86948303859353,-37.76117583070322
20720140000,0,1,144.86977091872362,-37.75950663071244
20720140000,0,2,144.8698242387188,-37.75946571071581
20720140000,0,3,144.87014430868976,-37.75922001073605
20720140000,0,4,144.87042900858248,-37.75975746075872
20720140000,0,5,144.870660378414,-37.760947820781816
20720140000,0,6,144.87067822840964,-37.76095923078311
20720140000,0,7,144.86948303859353,-37.76117583070322
20720150000,0,0,144.87373982083716,-37.73352096082095
20720150000,0,1,144.87289094099089,-37.73345874076285
20720150000,0,2,144.8728180811217,-37.7323620307511
20720150000,0,3,144.87230752120774,-37.73238426071653
20720150000,0,4,144.87220087122577,-37.7323881307093
20720150000,0,5,144.87210159125763,-37.732251860701695
20720150000,0,6,144.8722232012368,-37.73224997070995
20720150000,0,7,144.87326407106133,-37.73220544078044
20720150000,0,8,144.87337449107883,-37.73186565078583
20720150000,0,9,144.87327732112246,-37.73161675077769
20720150000,0,10,144.8726305412792,-37.73120219073114
20720150000,0,11,144.87245294133564,-37.7309637207176
20720150000,0,12,144.87247148134898,-37.73081014071789
20720150000,0,13,144.87253199133215,-37.73086884072239
20720150000,0,14,144.8726229513063,-37.73096283072914
20720150000,0,15,144.87268095128903,-37.73102982073349
20720150000,0,16,144.8727649712666,-37.73110282073966
20720150000,0,17,144.8728439612473,-37.73115483074535
20720150000,0,18,144.87293196122766,-37.731195820751594
20720150000,0,19,144.87300098121378,-37.7312138207564
20720150000,0,20,144.8730799711988,-37.731225830761844
20720150000,0,21,144.8731669511817,-37.73124483076787
20720150000,0,22,144.8732919611553,-37.73128882077663
20720150000,0,23,144.8734209511292,-37.73132383078562
20720150000,0,24,144.87358995109884,-37.731333830797176
20720150000,0,25,144.8737299610746,-37.7313338308067
20720150000,0,26,144.8738889610476,-37.731328840817476
20720150000,0,27,144.8740139710255,-37.731332830826
20720150000,0,28,144.87411598100655,-37.73134482083301
20720150000,0,29,144.8742379709805,-37.73139083084158
20720150000,0,30,144.8743479809503,-37.7314938208497
20720150000,0,31,144.8744199909277,-37.73158784085518
20720150000,0,32,144.8744679909075,-37.731697840859134
20720150000,0,33,144.87447095089345,-37.73182382086011
20720150000,0,34,144.87445697087853,-37.731984830860156
20720150000,0,35,144.87440996087278,-37.732113830857756
20720150000,0,36,144.87434499087374,-37.73220883085395
20720150000,0,37,144.87421494088883,-37.73227783084551
20720150000,0,38,144.8741129609067,-37.73227584083859
20720150000,0,39,144.87394498094164,-37.732221830826816
20720150000,0,40,144.87376197098058,-37.73215483081398
20720150000,0,41,144.87368295099535,-37.73214484080854
20720150000,0,42,144.87358294100866,-37.732181840801964
20720150000,0,43,144.87351797100624,-37.73230884079834
20720150000,0,44,144.87351797099663,-37.73239782079889
20720150000,0,45,144.87358498097055,-37.73253184080428
20720150000,0,46,144.87364597094947,-37.73262983080903
20720150000,0,47,144.87369999092653,-37.73275584081348
20720150000,0,48,144.8737169709112,-37.732870830815344
20720150000,0,49,144.8736359708889,-37.73320783081194
20720150000,0,50,144.8736119908786,-37.733341820811155
20720150000,0,51,144.87362294086833,-37.73341984081239
20720150000,0,52,144.87372197084179,-37.733506830819636
20720150000,0,53,144.87373982083716,-37.73352096082095
20720160000,0,0,144.87436846072328,-37.73356704086397
20720160000,0,1,144.87422297066166,-37.73437283085908
20720160000,0,2,144.87420694066702,-37.73434883085784
20720160000,0,3,144.87417796067623,-37.73430984085562
20720160000,0,4,144.8741369706881,-37.73426582085256
20720160000,0,5,144.8740739707046,-37.73421384084796
20720160000,0,6,144.87401397071966,-37.734170830843624
20720160000,0,7,144.8739829407277,-37.73414583084135
20720160000,0,8,144.873945970739,-37.73410082083857
20720160000,0,9,144.87389896075499,-37.73402782083491
20720160000,0,10,144.87387494076754,-37.73394983083279
20720160000,0,11,144.87387698077785,-37.73385083083231
20720160000,0,12,144.87388096078394,-37.7337878208322
20720160000,0,13,144.87387698079337,-37.733706830831416
20720160000,0,14,144.8738549408058,-37.73362683082943
20720160000,0,15,144.87383494081263,-37.73359583082787
20720160000,0,16,144.87373982083716,-37.73352096082095
20720160000,0,17,144.87436846072328,-37.73356704086397
20720170000,0,0,144.124631969527,-37.45377533931405
20720170000,0,1,144.12461196953788,-37.4537023393123
20720170000,0,2,144.1246039695475,-37.45362134931127
20720170000,0,3,144.12458396955833,-37.45354934930953
20720170000,0,4,144.1245429495757,-37.453448339306235
20720170000,0,5,144.12452396958827,-37.453357329304445
20720170000,0,6,144.12448195960388,-37.45327533930119
20720170000,0,7,144.124460969613,-37.453221339299496
20720170000,0,8,144.12441796962693,-37.45315732929631
20720170000,0,9,144.1242669696707,-37.45298333928543
20720170000,0,10,144.12403796973274,-37.452761339269195
20720170000,0,11,144.1239719797489,-37.452714329264616
20720170000,0,12,144.1239179597639,-37.452658329260764
20720170000,0,13,144.12386294977807,-37.45261233925691
20720170000,0,14,144.12381998979018,-37.452566329253834
20720170000,0,15,144.1237649898043,-37.45252033924998
20720170000,0,16,144.12371096982025,-37.45245532924607
20720170000,0,17,144.12364894983747,-37.45239133924164
20720170000,0,18,144.12362398984556,-37.452354339239804
20720170000,0,19,144.12358094985774,-37.45230732923672
20720170000,0,20,144.1234949198855,-37.45218034923033
20720170000,0,21,144.1234639298966,-37.45212434922799
20720170000,0,22,144.1234099099133,-37.45205134922402
20720170000,0,23,144.12336691992817,-37.45197833922078
20720170000,0,24,144.12331391994394,-37.45191333921693
20720170000,0,25,144.12328194995496,-37.45185932921453
20720170000,0,26,144.1232489499644,-37.45182232921215
20720170000,0,27,144.12322689997092,-37.451795339210555
20720170000,0,28,144.123195949982,-37.4517393392082
20720170000,0,29,144.12309996001525,-37.45157533920095
20720170000,0,30,144.12306992002883,-37.45149332919849
20720170000,0,31,144.1230389300424,-37.45141233919599
20720170000,0,32,144.12301995005595,-37.451311349194114
20720170000,0,33,144.123021920061,-37.45125833919392
20720170000,0,34,144.1230129400681,-37.451204339193005
20720170000,0,35,144.1230139300707,-37.451177329192895
20720170000,0,36,144.12302794007655,-37.4510963391933
20720170000,0,37,144.12303196008514,-37.45100533919299
20720170000,0,38,144.12305995009584,-37.45085333919387
20720170000,0,39,144.12306287010176,-37.450790329193666
20720170000,0,40,144.1230909001106,-37.45065632919464
20720170000,0,41,144.12310189013994,-37.45035033919345
20720170000,0,42,144.12309291014884,-37.45027833919243
20720170000,0,43,144.1230959001566,-37.450197329192115
20720170000,0,44,144.12307791016994,-37.45009733919033
20720170000,0,45,144.12303889019327,-37.44993432918678
20720170000,0,46,144.12297790022143,-37.449761339181755
20720170000,0,47,144.12294687023697,-37.44966132917911
20720170000,0,48,144.1229168702505,-37.44957933917665
20720170000,0,49,144.12276186031528,-37.44920633916428
20720170000,0,50,144.12270988033634,-37.44908732916017
20720170000,0,51,144.12265688035566,-37.44898733915611
20720170000,0,52,144.122592860377,-37.448886349151316
20720170000,0,53,144.12248588041226,-37.448721339143354
20720170000,0,54,144.12229188046913,-37.44849133912933
20720170000,0,55,144.12222684048774,-37.448418329124664
20720170000,0,56,144.1221508505093,-37.44833533911922
20720170000,0,57,144.12208485052722,-37.44827132911453
20720170000,0,58,144.1220308705413,-37.44822433911074
20720170000,0,59,144.12199886055146,-37.44817832910838
20720170000,0,60,144.12192389057142,-37.44810934910309
20720170000,0,61,144.12188987058062,-37.448076339100666
20720170000,0,62,144.12184687059457,-37.44801232909747
20720170000,0,63,144.12173887062622,-37.44788432908968
20720170000,0,64,144.12170686063834,-37.44781933908721
20720170000,0,65,144.12164284065958,-37.447719329082425
20720170000,0,66,144.12161185067052,-37.44766434908007
20720170000,0,67,144.1215048307076,-37.44748134907199
20720170000,0,68,144.12145081072347,-37.44741732906809
20720170000,0,69,144.12141884073364,-37.44737134906572
20720170000,0,70,144.12136486074854,-37.447316339061885
20720170000,0,71,144.1212888307693,-37.44724133905648
20720170000,0,72,144.12124484078154,-37.447195329053336
20720170000,0,73,144.12116885080206,-37.44712232904796
20720170000,0,74,144.1210928608236,-37.44703933904252
20720170000,0,75,144.121059860834,-37.44699332904009
20720170000,0,76,144.1210168308452,-37.446956329037064
20720170000,0,77,144.1209738308582,-37.44690132903394
20720170000,0,78,144.12093083087038,-37.44685433903086
20720170000,0,79,144.1208758608854,-37.44679933902694
20720170000,0,80,144.12079984090607,-37.446725339021555
20720170000,0,81,144.12074483092127,-37.44666933901763
20720170000,0,82,144.12065884094727,-37.44655933901137
20720170000,0,83,144.12060485096126,-37.44651332900759
20720170000,0,84,144.12055083097798,-37.44644032900363
20720170000,0,85,144.1204088510166,-37.44630133899355
20720170000,0,86,144.1203438410335,-37.44624533898898
20720170000,0,87,144.12028884104697,-37.44620633898518
20720170000,0,88,144.12021186106665,-37.44614332897979
20720170000,0,89,144.12005783110456,-37.4460313289691
20720170000,0,90,144.12000282111782,-37.44599432896529
20720170000,0,91,144.1199258411368,-37.445938328959954
20720170000,0,92,144.11983686115687,-37.445891338953885
20720170000,0,93,144.11974885117692,-37.44584333894789
20720170000,0,94,144.11964884119982,-37.44578733894105
20720170000,0,95,144.11957187121774,-37.44574134893577
20720170000,0,96,144.11949383123422,-37.44571133893052
20720170000,0,97,144.11942682124968,-37.44567333892593
20720170000,0,98,144.11933881126959,-37.445626328919936
20720170000,0,99,144.11926183128764,-37.44557933891465
20720170000,0,100,144.11908386132785,-37.44548533890252
20720170000,0,101,144.11900582134422,-37.44545632889727
20720170000,0,102,144.11893983135855,-37.44542734889282
20720170000,0,103,144.11888384137103,-37.445399338889004
20720170000,0,104,144.11882884138254,-37.445379338885324
20720170000,0,105,144.11878383139222,-37.44536033888228
20720170000,0,106,144.11857184143562,-37.445292328868106
20720170000,0,107,144.1184488314608,-37.44525332885989
20720170000,0,108,144.11833685148312,-37.44522334885243
20720170000,0,109,144.11821385150824,-37.44518432884421
20720170000,0,110,144.1180908415316,-37.4451633288361
20720170000,0,111,144.1179788215548,-37.44512432882859
20720170000,0,112,144.11786684157713,-37.445094348821144
20720170000,0,113,144.11775585160012,-37.44505634881371
20720170000,0,114,144.1174878616552,-37.44496833879578
20720170000,0,115,144.11740982167038,-37.44495133879062
20720170000,0,116,144.11733186168703,-37.444919338785354
20720170000,0,117,144.11723083170827,-37.44488133877857
20720170000,0,118,144.1171538517254,-37.44484333877334
20720170000,0,119,144.1170648317446,-37.444805338767324
20720170000,0,120,144.11683083179375,-37.444718328751605
20720170000,0,121,144.11669683182262,-37.44466133874256
20720170000,0,122,144.11663084183692,-37.444632338738096
20720170000,0,123,144.11655186185345,-37.444603338732804
20720170000,0,124,144.11647484187057,-37.444565338727564
20720170000,0,125,144.1164528318754,-37.444555328726075
20720170000,0,126,144.1163858218898,-37.444527338721564
20720170000,0,127,144.11629782191065,-37.44447133871551
20720170000,0,128,144.11620883193086,-37.44442332870943
20720170000,0,129,144.1161318519489,-37.44437633870414
20720170000,0,130,144.11605484196784,-37.44432033869881
20720170000,0,131,144.1159888419839,-37.444274328694235
20720170000,0,132,144.11594482199524,-37.44423732869115
20720170000,0,133,144.11589084200932,-37.44419035868736
20720170000,0,134,144.11583584202347,-37.44414434868351
20720170000,0,135,144.11579185203576,-37.44409835868037
20720170000,0,136,144.1157388220524,-37.444024358676465
20720170000,0,137,144.11569586206633,-37.44396034867328
20720170000,0,138,144.11564184208308,-37.44388732866932
20720170000,0,139,144.11563184208845,-37.44385132866846
20720170000,0,140,144.1155998620987,-37.443805338666095
20720170000,0,141,144.11557986210866,-37.4437413286644
20720170000,0,142,144.11555884211685,-37.44369633866276
20720170000,0,143,144.1155388321268,-37.44363234866106
20720170000,0,144,144.1155398621294,-37.44360533866096
20720170000,0,145,144.11553084213736,-37.443542338659974
20720170000,0,146,144.11545284215373,-37.443513338654746
20720170000,0,147,144.11541985216044,-37.44350334865254
20720170000,0,148,144.11537484217013,-37.4434843486495
20720170000,0,149,144.11533082217872,-37.44347433864658
20720170000,0,150,144.11528582218838,-37.443455338643545
20720170000,0,151,144.11522983219913,-37.44344434863985
20720170000,0,152,144.1151398522176,-37.443415358633835
20720170000,0,153,144.1150628422338,-37.44338634862865
20720170000,0,154,144.1147938322871,-37.44331736861079
20720170000,0,155,144.11470386230374,-37.443306358604886
20720170000,0,156,144.11459184232524,-37.44328435859748
20720170000,0,157,144.11432182237505,-37.44325135857976
20720170000,0,158,144.11423184239257,-37.44323135857382
20720170000,0,159,144.11414183240927,-37.4432193485679
20720170000,0,160,144.11402982242944,-37.44321035856058
20720170000,0,161,144.1139788324524,-37.4430713485564
20720170000,0,162,144.11392583247266,-37.44296234855229
20720170000,0,163,144.11388312248562,-37.44290736854917
20720170000,0,164,144.11383983249772,-37.44286135854608
20720170000,0,165,144.1137744225165,-37.442787578541385
20720170000,0,166,144.11371986253152,-37.442732358537505
20720170000,0,167,144.1136428425505,-37.44267635853215
20720170000,0,168,144.11355517257223,-37.442610998526064
20720170000,0,169,144.11375614313295,-37.436774778502794
20720170000,0,170,144.11880212162038,-37.443093778869375
20720170000,0,171,144.12076709103135,-37.44555277901215
20720170000,0,172,144.1208941109932,-37.44571277902137
20720170000,0,173,144.12400413005176,-37.449693779247916
20720170000,0,174,144.12481910980964,-37.450691779307014
20720170000,0,175,144.12562414957023,-37.4516797693654
20720170000,0,176,144.12595311947254,-37.452081779389246
20720170000,0,177,144.12606013944065,-37.45221377939702
20720170000,0,178,144.13031311817653,-37.45742477970545
20720170000,0,179,144.128094068456,-37.458428329567674
20720170000,0,180,144.12804007847282,-37.45835432956371
20720170000,0,181,144.12801901848104,-37.45830933956205
20720170000,0,182,144.12798602849048,-37.45827233955969
20720170000,0,183,144.12792200850998,-37.45818932955502
20720170000,0,184,144.12787801852136,-37.45815232955192
20720170000,0,185,144.12783403853362,-37.45810633954879
20720170000,0,186,144.1278240385372,-37.458088339548034
20720170000,0,187,144.12776903855135,-37.45804232954417
20720170000,0,188,144.12772603856345,-37.457996339541104
20720170000,0,189,144.1275720486032,-37.45786633953029
20720170000,0,190,144.1275280286138,-37.45783732952726
20720170000,0,191,144.12744104863629,-37.45776332952115
20720170000,0,192,144.12739702864673,-37.45773533951811
20720170000,0,193,144.1273640286562,-37.457698339515744
20720170000,0,194,144.12730902867037,-37.45765232951189
20720170000,0,195,144.12725401868366,-37.45761432950809
20720170000,0,196,144.12721101869582,-37.457568339504995
20720170000,0,197,144.12717802870424,-37.457541329502696
20720170000,0,198,144.12714502871373,-37.45750432950032
20720170000,0,199,144.1271130187239,-37.457458339497954
20720170000,0,200,144.1270920287313,-37.45742133949638
20720170000,0,201,144.1270710087377,-37.45739432949484
20720170000,0,202,144.12703202876378,-37.45720433949111
20720170000,0,203,144.12703899878096,-37.457024329490466
20720170000,0,204,144.1270530187841,-37.456970349491044
20720170000,0,205,144.1270560387909,-37.456898349490785
20720170000,0,206,144.12707001879585,-37.456826339491236
20720170000,0,207,144.12707403880526,-37.456727329490896
20720170000,0,208,144.1270650188142,-37.45665534948986
20720170000,0,209,144.12706801882103,-37.4565833494896
20720170000,0,210,144.1270579788265,-37.456546349488725
20720170000,0,211,144.12704001884154,-37.456429329486824
20720170000,0,212,144.12702899884619,-37.45640233948595
20720170000,0,213,144.12702001885432,-37.456338329484964
20720170000,0,214,144.1269699788777,-37.456193349480806
20720170000,0,215,144.12689700890792,-37.456020339475
20720170000,0,216,144.12686598892165,-37.45593833947247
20720170000,0,217,144.12682400893635,-37.45586533946929
20720170000,0,218,144.12672998897307,-37.45566433946195
20720170000,0,219,144.12669797898315,-37.45561934945958
20720170000,0,220,144.12667698899236,-37.45556434945789
20720170000,0,221,144.12664599900424,-37.455500339455476
20720170000,0,222,144.12661398901443,-37.4554543494531
20720170000,0,223,144.12649700905513,-37.45525333944427
20720170000,0,224,144.12644298907102,-37.45518832944035
20720170000,0,225,144.12634600909897,-37.45507832943338
20720170000,0,226,144.12631797910603,-37.45505633943143
20720170000,0,227,144.1262800191151,-37.4550313394288
20720170000,0,228,144.12624599912283,-37.455013339426486
20720170000,0,229,144.12621299913044,-37.45499433942423
20720170000,0,230,144.12609200915995,-37.45490933941585
20720170000,0,231,144.12599297918365,-37.454844349409015
20720170000,0,232,144.12595998919306,-37.45480734940665
20720170000,0,233,144.1258839892128,-37.45474233940131
20720170000,0,234,144.12581796922885,-37.45469634939674
20720170000,0,235,144.12570798925728,-37.45460334938902
20720170000,0,236,144.12559895928737,-37.45449234938127
20720170000,0,237,144.12556694929575,-37.454464339379
20720170000,0,238,144.12552293930798,-37.45441834937586
20720170000,0,239,144.125468949322,-37.45437233937207
20720170000,0,240,144.12525896937348,-37.454222339357514
20720170000,0,241,144.12520395938486,-37.454203339353825
20720170000,0,242,144.12513697940028,-37.45416533934924
20720170000,0,243,144.12500397942807,-37.45411732934032
20720170000,0,244,144.12494798944056,-37.45408933933651
20720170000,0,245,144.12490294944934,-37.45407932933352
20720170000,0,246,144.12485895945971,-37.45405133933049
20720170000,0,247,144.12481493946936,-37.45403134932751
20720170000,0,248,144.12472693949206,-37.45395734932134
20720170000,0,249,144.1246949695023,-37.45391133931898
20720170000,0,250,144.12467394950957,-37.4538753293174
20720170000,0,251,144.12465295951787,-37.45382933931574
20720170000,0,252,144.124631969527,-37.45377533931405
20720180000,0,0,144.1284673867946,-37.4740613696891
20720180000,0,1,144.12845939680335,-37.47398936968813
20720180000,0,2,144.1284374168109,-37.47395236968648
20720180000,0,3,144.12839642682817,-37.4738523696832
20720180000,0,4,144.12836441683933,-37.47379736968078
20720180000,0,5,144.12832142685141,-37.47375137967771
20720180000,0,6,144.12827838686536,-37.47368736967451
20720180000,0,7,144.12823539688023,-37.47361436967127
20720180000,0,8,144.12818239689682,-37.47354136966737
20720180000,0,9,144.12813939691077,-37.47347737966419
20720180000,0,10,144.1280964369239,-37.47342137966105
20720180000,0,11,144.12804241694064,-37.47334837965708
20720180000,0,12,144.12801139695242,-37.473285369654675
20720180000,0,13,144.1279684369674,-37.47321136965144
20720180000,0,14,144.12792641698303,-37.4731293796482
20720180000,0,15,144.12785141700715,-37.47301937964265
20720180000,0,16,144.12783140701706,-37.47295637964095
20720180000,0,17,144.12780042702985,-37.47288337963848
20720180000,0,18,144.12778041704067,-37.47281137963675
20720180000,0,19,144.12775340705377,-37.47272836963447
20720180000,0,20,144.12774041706243,-37.472665379633234
20720180000,0,21,144.12773242707303,-37.47257537963216
20720180000,0,22,144.1277404170901,-37.47239436963156
20720180000,0,23,144.1277543970951,-37.47232236963202
20720180000,0,24,144.12775538709852,-37.47228736963187
20720180000,0,25,144.12776939710335,-37.47221637963232
20720180000,0,26,144.12777242710933,-37.47215236963213
20720180000,0,27,144.12780038712017,-37.47199937963298
20720180000,0,28,144.12781637712834,-37.47189236963336
20720180000,0,29,144.12784137713325,-37.47180236963442
20720180000,0,30,144.1278423571357,-37.471776379634335
20720180000,0,31,144.12785637713884,-37.4717223796349
20720180000,0,32,144.1278703571447,-37.47164137963531
20720180000,0,33,144.1278963771485,-37.47156036963651
20720180000,0,34,144.12791138715593,-37.471462379636854
20720180000,0,35,144.12796138716192,-37.47131936963921
20720180000,0,36,144.12798638716313,-37.471265369640506
20720180000,0,37,144.12799934716458,-37.471229369641115
20720180000,0,38,144.12802336716496,-37.47118537964241
20720180000,0,39,144.12804840716618,-37.471131379643694
20720180000,0,40,144.12807336716818,-37.47106937964492
20720180000,0,41,144.1280973871668,-37.47104236964632
20720180000,0,42,144.12812037716643,-37.471007369647594
20720180000,0,43,144.12814439716496,-37.47098137964898
20720180000,0,44,144.12821436715737,-37.47093738965325
20720180000,0,45,144.12829437714709,-37.470903379658246
20720180000,0,46,144.12833938713928,-37.47090437966117
20720180000,0,47,144.12839537712753,-37.470924379664936
20720180000,0,48,144.12845037711338,-37.47097036966879
20720180000,0,49,144.12848337710577,-37.47098936967104
20720180000,0,50,144.12857235708563,-37.47103637967711
20720180000,0,51,144.12862732707146,-37.471082369680964
20720180000,0,52,144.12867134706278,-37.4710933796839
20720180000,0,53,144.12871635705412,-37.47110236968686
20720180000,0,54,144.12878533704568,-37.471068379691125
20720180000,0,55,144.128821367044,-37.47102436969319
20720180000,0,56,144.12884435704174,-37.47100736969458
20720180000,0,57,144.12885636704243,-37.4709803796952
20720180000,0,58,144.12887932704024,-37.47096337969658
20720180000,0,59,144.12890534704403,-37.47088237969776
20720180000,0,60,144.12894232704582,-37.47080236969966
20720180000,0,61,144.128956337048,-37.4707573797003
20720180000,0,62,144.12896133706093,-37.47062236969978
20720180000,0,63,144.12895133706635,-37.47058637969891
20720180000,0,64,144.1289543370732,-37.470514379698656
20720180000,0,65,144.12893334708335,-37.470450369696906
20720180000,0,66,144.12892436709134,-37.47038737969593
20720180000,0,67,144.1289043671012,-37.47032436969423
20720180000,0,68,144.12887333711413,-37.47025036969177
20720180000,0,69,144.12885333712308,-37.47019636969013
20720180000,0,70,144.12879931713994,-37.47012236968615
20720180000,0,71,144.12874533715575,-37.470058379682264
20720180000,0,72,144.12870233716967,-37.46999437967907
20720180000,0,73,144.1286593371818,-37.46994836967599
20720180000,0,74,144.12859334719892,-37.469892379671364
20720180000,0,75,144.12848235722558,-37.46981837966369
20720180000,0,76,144.1284493572332,-37.46979937966144
20720180000,0,77,144.12834934725524,-37.46975236965466
20720180000,0,78,144.1282823372689,-37.46973136965016
20720180000,0,79,144.12820436728438,-37.46971136964499
20720180000,0,80,144.12807033731227,-37.469664379636
20720180000,0,81,144.12796036733803,-37.469597369628445
20720180000,0,82,144.1279163473493,-37.46956136962536
20720180000,0,83,144.12789433735688,-37.4695243696237
20720180000,0,84,144.12784035737096,-37.46947737961991
20720180000,0,85,144.12779834738566,-37.46940437961672
20720180000,0,86,144.12777735739476,-37.46935037961503
20720180000,0,87,144.12775735740385,-37.469295379613385
20720180000,0,88,144.12773833741818,-37.469187379611476
20720180000,0,89,144.1277193174298,-37.46910536960974
20720180000,0,90,144.12767832745075,-37.468969369606235
20720180000,0,91,144.1276703374586,-37.468906379605315
20720180000,0,92,144.1276763574759,-37.4687263796046
20720180000,0,93,144.12769132748164,-37.46864537960505
20720180000,0,94,144.12769435748757,-37.46858236960486
20720180000,0,95,144.1277073074899,-37.46853737960543
20720180000,0,96,144.12772033749408,-37.468474369605886
20720180000,0,97,144.1277473175004,-37.46836737960697
20720180000,0,98,144.12776030750274,-37.46832236960753
20720180000,0,99,144.12777231750343,-37.46829537960814
20720180000,0,100,144.12778030752136,-37.46810636960748
20720180000,0,101,144.1277703075268,-37.46807037960662
20720180000,0,102,144.12777129753027,-37.46803437960645
20720180000,0,103,144.12775329754623,-37.467908379604495
20720180000,0,104,144.12773431755792,-37.467826369602754
20720180000,0,105,144.1277253075659,-37.467763379601784
20720180000,0,106,144.1277262875703,-37.46771837960158
20720180000,0,107,144.12771731757738,-37.467664379600656
20720180000,0,108,144.12773026761008,-37.46732236959936
20720180000,0,109,144.12775928762073,-37.467169379600286
20720180000,0,110,144.12778928763657,-37.46696337960097
20720180000,0,111,144.12779228764168,-37.46690837960082
20720180000,0,112,144.12781728764557,-37.46682836960194
20720180000,0,113,144.12782027765334,-37.46674737960163
20720180000,0,114,144.1278492976648,-37.46658636960251
20720180000,0,115,144.12787426766783,-37.46651436960368
20720180000,0,116,144.12790327767837,-37.466362369604624
20720180000,0,117,144.12790623768623,-37.466280379604314
20720180000,0,118,144.12792123769285,-37.46619037960471
20720180000,0,119,144.12792623770753,-37.46603837960409
20720180000,0,120,144.12794123771408,-37.4659483596045
20720180000,0,121,144.1279442677219,-37.46586734960421
20720180000,0,122,144.12795923772666,-37.46579536960474
20720180000,0,123,144.12796123773367,-37.46572335960441
20720180000,0,124,144.1279902577443,-37.46557034960535
20720180000,0,125,144.12800325774745,-37.465517369605855
20720180000,0,126,144.12800525775356,-37.465454359605594
20720180000,0,127,144.1280322677608,-37.46533835960661
20720180000,0,128,144.12803522776588,-37.46528335960649
20720180000,0,129,144.12804920777083,-37.465211359606926
20720180000,0,130,144.12805022777422,-37.46517635960678
20720180000,0,131,144.12806424777733,-37.465122349607356
20720180000,0,132,144.1280652277828,-37.46506734960709
20720180000,0,133,144.1280792077867,-37.465005359607595
20720180000,0,134,144.128092237789,-37.46496134960818
20720180000,0,135,144.128097207802,-37.46482535960765
20720180000,0,136,144.12809019781423,-37.46471734960652
20720180000,0,137,144.1280982278331,-37.464519359605816
20720180000,0,138,144.12811121783628,-37.46446635960633
20720180000,0,139,144.12811621785022,-37.464321359605755
20720180000,0,140,144.12813122785408,-37.46425834960634
20720180000,0,141,144.12814319785556,-37.46422335960689
20720180000,0,142,144.12814618786334,-37.46414234960658
20720180000,0,143,144.12816118787086,-37.46404335960695
20720180000,0,144,144.12818819787805,-37.46392736960798
20720180000,0,145,144.1281901678824,-37.46388135960782
20720180000,0,146,144.12821717789055,-37.46375634960879
20720180000,0,147,144.12821918789385,-37.46372034960869
20720180000,0,148,144.12823320789872,-37.463649369609165
20720180000,0,149,144.12823816791177,-37.46351334960865
20720180000,0,150,144.1282521879175,-37.463433359609056
20720180000,0,151,144.12825517792356,-37.463369349608854
20720180000,0,152,144.12826919792838,-37.463298369609326
20720180000,0,153,144.12827419794047,-37.46317135960885
20720180000,0,154,144.1283131779483,-37.46302935961051
20720180000,0,155,144.128316167957,-37.46293934961013
20720180000,0,156,144.1283291579593,-37.4628943596107
20720180000,0,157,144.12833313796875,-37.462795349610346
20720180000,0,158,144.12834715797277,-37.462732359610854
20720180000,0,159,144.12835617799522,-37.46249734960999
20720180000,0,160,144.12836916799841,-37.46244434961049
20720180000,0,161,144.1283601480064,-37.46238135960953
20720180000,0,162,144.1283741680104,-37.46231835961003
20720180000,0,163,144.12839913801164,-37.46226435961133
20720180000,0,164,144.1284011380167,-37.462211359611125
20720180000,0,165,144.12842614801792,-37.462157359612405
20720180000,0,166,144.1284511480219,-37.462076369613534
20720180000,0,167,144.12847910803077,-37.46194234961451
20720180000,0,168,144.12848213803852,-37.46186135961421
20720180000,0,169,144.12849614804256,-37.461798369614726
20720180000,0,170,144.12849713804502,-37.46177235961462
20720180000,0,171,144.1284881180522,-37.461717359613694
20720180000,0,172,144.1284901280592,-37.46164534961338
20720180000,0,173,144.1284961480645,-37.461583359613385
20720180000,0,174,144.1285061180684,-37.461528359613695
20720180000,0,175,144.12854414807276,-37.46142135961549
20720180000,0,176,144.12859411807696,-37.46129634961797
20720180000,0,177,144.12861911807727,-37.4612513396193
20720180000,0,178,144.12864211807687,-37.46121633962058
20720180000,0,179,144.12869010807495,-37.46115433962331
20720180000,0,180,144.12875109807527,-37.46104833962661
20720180000,0,181,144.12877409807396,-37.46102234962795
20720180000,0,182,144.1287870880746,-37.4609943396286
20720180000,0,183,144.12881209807753,-37.460923339629794
20720180000,0,184,144.12885107808358,-37.460798329631544
20720180000,0,185,144.12885308808978,-37.46073433963127
20720180000,0,186,144.1288920980976,-37.460592329632924
20720180000,0,187,144.12890009809985,-37.46055632963323
20720180000,0,188,144.12891907810305,-37.460493339634056
20720180000,0,189,144.12891808810966,-37.46043034963361
20720180000,0,190,144.12888107812898,-37.460303339630414
20720180000,0,191,144.12885008814177,-37.46023033962794
20720180000,0,192,144.12880709815664,-37.4601573396247
20720180000,0,193,144.12876409816965,-37.460102339621564
20720180000,0,194,144.12872208818433,-37.46002933961839
20720180000,0,195,144.1286890881947,-37.459983329615966
20720180000,0,196,144.12866908820195,-37.45994632961444
20720180000,0,197,144.12859210822273,-37.45987232960898
20720180000,0,198,144.1285270682414,-37.459799329604294
20720180000,0,199,144.1284950882516,-37.45975333960193
20720180000,0,200,144.12847406825898,-37.459716339600334
20720180000,0,201,144.12845307826723,-37.45967134959869
20720180000,0,202,144.12845406826983,-37.459644339598604
20720180000,0,203,144.12843606828585,-37.45951733959665
20720180000,0,204,144.12842705829203,-37.45947233959577
20720180000,0,205,144.12842807829645,-37.45942732959556
20720180000,0,206,144.12840807830543,-37.45937332959393
20720180000,0,207,144.12840905830984,-37.45932833959371
20720180000,0,208,144.12838905831887,-37.459273339592066
20720180000,0,209,144.12837004833227,-37.45917433959022
20720180000,0,210,144.12835003834226,-37.459110339588534
20720180000,0,211,144.12830904835963,-37.459009339585236
20720180000,0,212,144.12829904836676,-37.458956339584255
20720180000,0,213,144.12826904838033,-37.458874329581796
20720180000,0,214,144.12823904839567,-37.458774339579236
20720180000,0,215,144.12821706840327,-37.45873733957757
20720180000,0,216,144.12820703840865,-37.4587013395767
20720180000,0,217,144.12814505843517,-37.458546339571704
20720180000,0,218,144.12813607844038,-37.458510339570914
20720180000,0,219,144.12811406844781,-37.45847433956926
20720180000,0,220,144.128094068456,-37.458428329567674
20720180000,0,221,144.13031311817653,-37.45742477970545
20720180000,0,222,144.1303420981679,-37.45746077970757
20720180000,0,223,144.1319641276901,-37.459404779824965
20720180000,0,224,144.13299911737474,-37.460747789900516
20720180000,0,225,144.13356311720327,-37.46147577994165
20720180000,0,226,144.13592210648508,-37.46452978011382
20720180000,0,227,144.13675711616239,-37.466280790178935
20720180000,0,228,144.14022710563708,-37.465574770399925
20720180000,0,229,144.14068211547013,-37.466441770434876
20720180000,0,230,144.1419291351029,-37.46793378052515
20720180000,0,231,144.14200611497859,-37.46901979053691
20720180000,0,232,144.1432061247687,-37.469051770615074
20720180000,0,233,144.1447652943223,-37.470791550727185
20720180000,0,234,144.1284673867946,-37.4740613696891
20720190000,0,0,144.24884654907007,-37.5419732279547
20720190000,0,1,144.24873708909337,-37.541930787947265
20720190000,0,2,144.24857611912867,-37.54185778793628
20720190000,0,3,144.2484140991624,-37.54180178792534
20720190000,0,4,144.24771008933175,-37.54133778787641
20720190000,0,5,144.2475470793632,-37.541305787865554
20720190000,0,6,144.24740607938688,-37.54131177785638
20720190000,0,7,144.24641809953727,-37.54150678779297
20720190000,0,8,144.24619310956132,-37.541649797779144
20720190000,0,9,144.24607710957122,-37.54174778777217
20720190000,0,10,144.24594811957783,-37.54189978776468
20720190000,0,11,144.2458340995843,-37.542027787758
20720190000,0,12,144.24574207959378,-37.54208977775238
20720190000,0,13,144.24563509960996,-37.54211179774553
20720190000,0,14,144.24541835964908,-37.54209504773124
20720190000,0,15,144.2452880896723,-37.54208777772268
20720190000,0,16,144.2451110697142,-37.54197777771043
20720190000,0,17,144.24499608974332,-37.54188779770233
20720190000,0,18,144.24499407976109,-37.54171877770117
20720190000,0,19,144.24509106977231,-37.54144779770583
20720190000,0,20,144.24513208978328,-37.54127278770741
20720190000,0,21,144.24515208979398,-37.54113578770787
20720190000,0,22,144.2450790898178,-37.541026787702414
20720190000,0,23,144.2449690798442,-37.54095478769478
20720190000,0,24,144.24482910987032,-37.540935787685505
20720190000,0,25,144.24428010995754,-37.541008787650064
20720190000,0,26,144.24391011001552,-37.541065787626216
20720190000,0,27,144.2435031000754,-37.541165777600234
20720190000,0,28,144.24312609013202,-37.5412477875761
20720190000,0,29,144.2426650902026,-37.5413347975465
20720190000,0,30,144.24232083026394,-37.54131605752387
20720190000,0,31,144.24224209028114,-37.5412807975185
20720190000,0,32,144.24210109031506,-37.54118779750872
20720190000,0,33,144.2420681003242,-37.54115478750634
20720190000,0,34,144.242102080325,-37.54108977750817
20720190000,0,35,144.2422430803225,-37.54087778751607
20720190000,0,36,144.24232009032386,-37.54073578752021
20720190000,0,37,144.24233510033687,-37.54058478752026
20720190000,0,38,144.24230111036005,-37.54041678751699
20720190000,0,39,144.24221910039287,-37.540235787510504
20720190000,0,40,144.24203810043852,-37.540095797497806
20720190000,0,41,144.2418611104799,-37.539990787485586
20720190000,0,42,144.2416740805275,-37.539841787472426
20720190000,0,43,144.24156509055655,-37.53974279746469
20720190000,0,44,144.24189107056176,-37.53914677748231
20720190000,0,45,144.24209909055227,-37.538890797494325
20720190000,0,46,144.24211507056074,-37.53878179749468
20720190000,0,47,144.2420401005881,-37.538641787488906
20720190000,0,48,144.24195108061286,-37.538550787482514
20720190000,0,49,144.24182508064345,-37.53846477747374
20720190000,0,50,144.24157560069855,-37.53834804745672
20720190000,0,51,144.24144209072344,-37.538329787447864
20720190000,0,52,144.24124108075802,-37.53833078743474
20720190000,0,53,144.24105811078454,-37.538379787423075
20720190000,0,54,144.2407670908341,-37.53838578740409
20720190000,0,55,144.2405101008763,-37.53840677738743
20720190000,0,56,144.24023109092354,-37.53841578736924
20720190000,0,57,144.23999107096083,-37.5384557873538
20720190000,0,58,144.23965611101715,-37.53846979733199
20720190000,0,59,144.23928308108245,-37.53846078730754
20720190000,0,60,144.23904707112357,-37.53845678729209
20720190000,0,61,144.23881409116242,-37.538469797276946
20720190000,0,62,144.2385710712083,-37.53843179726082
20720190000,0,63,144.23846511122923,-37.538405777253736
20720190000,0,64,144.2382180812805,-37.53832179723707
20720190000,0,65,144.23800211132428,-37.53825877722256
20720190000,0,66,144.23789710134426,-37.53824077721559
20720190000,0,67,144.23775610137034,-37.53822377720626
20720190000,0,68,144.23760411140503,-37.53814178719582
20720190000,0,69,144.23735708146384,-37.53798479717871
20720190000,0,70,144.23691010159763,-37.53743478714606
20720190000,0,71,144.23664610169132,-37.53696779712591
20720190000,0,72,144.2365470717195,-37.53685979711877
20720190000,0,73,144.23642009174617,-37.53681378711019
20720190000,0,74,144.23631008176474,-37.53681777710302
20720190000,0,75,144.23617506178113,-37.53688478709462
20720190000,0,76,144.23587310181748,-37.537037777075824
20720190000,0,77,144.23548310185086,-37.537366787052385
20720190000,0,78,144.23536710186093,-37.537462777045405
20720190000,0,79,144.23524709187518,-37.53752579703796
20720190000,0,80,144.2351051018981,-37.53754079702877
20720190000,0,81,144.2349780819265,-37.537477787020066
20720190000,0,82,144.23498710193343,-37.537395797020146
20720190000,0,83,144.23503210194497,-37.53720879702193
20720190000,0,84,144.23508411195772,-37.53699778702402
20720190000,0,85,144.23513109196745,-37.53682478702601
20720190000,0,86,144.2352061019855,-37.536523797029055
20720190000,0,87,144.2352881120065,-37.53618278703228
20720190000,0,88,144.23532111202576,-37.53594078703295
20720190000,0,89,144.23530709204448,-37.53578279703105
20720190000,0,90,144.23516909208473,-37.53562278702103
20720190000,0,91,144.2349900921276,-37.53550679700862
20720190000,0,92,144.23485008216224,-37.53540478699884
20720190000,0,93,144.2348470821704,-37.53533078699818
20720190000,0,94,144.23489610217047,-37.53524779700087
20720190000,0,95,144.23493009217876,-37.53511078700224
20720190000,0,96,144.23494812219067,-37.53496478700251
20720190000,0,97,144.2349590722027,-37.53482978700238
20720190000,0,98,144.23492111223243,-37.534604786998514
20720190000,0,99,144.2348401122667,-37.534407786992
20720190000,0,100,144.23469108230952,-37.53424178698121
20720190000,0,101,144.23444409236808,-37.53408678696412
20720190000,0,102,144.23410011244368,-37.533928786940656
20720190000,0,103,144.23346910257402,-37.53372078689813
20720190000,0,104,144.23326809262363,-37.53357578688409
20720190000,0,105,144.23314410265831,-37.53344678687519
20720190000,0,106,144.2331091026722,-37.53337078687244
20720190000,0,107,144.2332380927178,-37.53271179687677
20720190000,0,108,144.23323908274196,-37.532475796875374
20720190000,0,109,144.23318509276714,-37.53232177687089
20720190000,0,110,144.23307311280263,-37.53216478686261
20720190000,0,111,144.23294810283622,-37.532047796853696
20720190000,0,112,144.23286411286372,-37.531921786847434
20720190000,0,113,144.23274509290434,-37.53172678683844
20720190000,0,114,144.23259909295356,-37.53149379682745
20720190000,0,115,144.23248707299675,-37.53126178681869
20720190000,0,116,144.23247509301177,-37.53113577681712
20720190000,0,117,144.23254609301358,-37.53099978682092
20720190000,0,118,144.23268508300507,-37.530849786829066
20720190000,0,119,144.23271107300965,-37.53076178683021
20720190000,0,120,144.23264708303242,-37.53064778682532
20720190000,0,121,144.23256310305493,-37.53056979681937
20720190000,0,122,144.23235808310122,-37.5304637868053
20720190000,0,123,144.23183408321304,-37.53025578676978
20720190000,0,124,144.23164910325926,-37.530116786756835
20720190000,0,125,144.23138911333123,-37.5298537867382
20720190000,0,126,144.23135411334943,-37.52973579673518
20720190000,0,127,144.23143612334735,-37.52961877673982
20720190000,0,128,144.23154708334044,-37.52949978674633
20720190000,0,129,144.23168210333895,-37.52928777675383
20720190000,0,130,144.23169509334866,-37.52917178675395
20720190000,0,131,144.23165907336417,-37.52908177675104
20720190000,0,132,144.23158307337636,-37.52909078674614
20720190000,0,133,144.23042109352403,-37.529602776673414
20720190000,0,134,144.2301591035513,-37.52977678665737
20720190000,0,135,144.23004109356535,-37.52983778665004
20720190000,0,136,144.22972909360632,-37.52996278663044
20720190000,0,137,144.22951907364234,-37.52996478661674
20720190000,0,138,144.2293270836868,-37.52985478660349
20720190000,0,139,144.22925506371618,-37.52968978659777
20720190000,0,140,144.22926010371884,-37.529655776597885
20720190000,0,141,144.22925506372567,-37.52959778659719
20720190000,0,142,144.22925010372867,-37.529576786596756
20720190000,0,143,144.22924609373288,-37.52954278659627
20720190000,0,144,144.22923612373708,-37.52951878659546
20720190000,0,145,144.22922108374382,-37.52947879659424
20720190000,0,146,144.2292101037469,-37.529466786593446
20720190000,0,147,144.22914410378047,-37.5292517765878
20720190000,0,148,144.2290441038147,-37.529086796580245
20720190000,0,149,144.22893409384602,-37.52896678657231
20720190000,0,150,144.22885510386357,-37.52892878656692
20720190000,0,151,144.22843710394122,-37.52887478653927
20720190000,0,152,144.22830409396994,-37.52881878653023
20720190000,0,153,144.2281590840062,-37.52870978652008
20720190000,0,154,144.22806911403467,-37.528583776513436
20720190000,0,155,144.22809710405858,-37.528304786513516
20720190000,0,156,144.2283241040802,-37.52771477652469
20720190000,0,157,144.22843210407132,-37.527619786531154
20720190000,0,158,144.22855609405158,-37.52760377653915
20720190000,0,159,144.22880706400224,-37.52766279655591
20720190000,0,160,144.22913108392947,-37.52782677657808
20720190000,0,161,144.2293950838757,-37.52790678659585
20720190000,0,162,144.229733113821,-37.5278717866177
20720190000,0,163,144.2298331238098,-37.52781279662388
20720190000,0,164,144.2298660738142,-37.527714776625416
20720190000,0,165,144.22985808384834,-37.52739678662291
20720190000,0,166,144.22988309385576,-37.527282786623836
20720190000,0,167,144.2299721138487,-37.527202796629155
20720190000,0,168,144.23012409382844,-37.52714479663873
20720190000,0,169,144.23047708377226,-37.527098786661504
20720190000,0,170,144.230650093751,-37.5270157966723
20720190000,0,171,144.23072707374482,-37.526946786676895
20720190000,0,172,144.2308131037439,-37.526811796681685
20720190000,0,173,144.23084811374017,-37.52678977668383
20720190000,0,174,144.23091509373154,-37.52676078668802
20720190000,0,175,144.231060103708,-37.5267467866974
20720190000,0,176,144.23117310369108,-37.52672179670464
20720190000,0,177,144.2313121036773,-37.52662277671311
20720190000,0,178,144.2312931236922,-37.526509786711145
20720190000,0,179,144.23104411375348,-37.52633179669379
20720190000,0,180,144.23092410378965,-37.526181796685016
20720190000,0,181,144.23085610381992,-37.52600178667945
20720190000,0,182,144.2309081138264,-37.52585179668191
20720190000,0,183,144.23101210382563,-37.52568479668768
20720190000,0,184,144.23101710383818,-37.5255547966872
20720190000,0,185,144.23096111385865,-37.525449786682884
20720190000,0,186,144.23076011390813,-37.52530578666885
20720190000,0,187,144.23056607395418,-37.525183796655426
20720190000,0,188,144.23028009402947,-37.52493178663517
20720190000,0,189,144.2301290940672,-37.5248177866246
20720190000,0,190,144.22995010410304,-37.52476978661261
20720190000,0,191,144.22975909413464,-37.5247827866002
20720190000,0,192,144.22960412415395,-37.52485478659054
20720190000,0,193,144.2293451141969,-37.52487179657372
20720190000,0,194,144.22905107425336,-37.52481579655417
20720190000,0,195,144.22873009432743,-37.524633786532064
20720190000,0,196,144.22839808440256,-37.52446079650931
20720190000,0,197,144.22812707445686,-37.52438679649114
20720190000,0,198,144.2278301145119,-37.52434979647152
20720190000,0,199,144.2271950846247,-37.524317786429826
20720190000,0,200,144.22679610470257,-37.52422978640323
20720190000,0,201,144.22652811476271,-37.524094796384894
20720190000,0,202,144.2263420748103,-37.523943796371796
20720190000,0,203,144.2263241248269,-37.52381277636982
20720190000,0,204,144.22646011481345,-37.523715786378084
20720190000,0,205,144.2266761247764,-37.52371378639219
20720190000,0,206,144.2270230947074,-37.5238027864154
20720190000,0,207,144.22743408463475,-37.52381978644235
20720190000,0,208,144.2276020946098,-37.52378079645308
20720190000,0,209,144.22778609458683,-37.52369578646457
20720190000,0,210,144.2283090945162,-37.52350578649756
20720190000,0,211,144.2286850844577,-37.52344379652173
20720190000,0,212,144.22881907443855,-37.52340577653025
20720190000,0,213,144.22918911438904,-37.52326678655356
20720190000,0,214,144.22978110433053,-37.5228437865896
20720190000,0,215,144.22999507431123,-37.52267278660252
20720190000,0,216,144.23018611429003,-37.52255879661429
20720190000,0,217,144.23036010426333,-37.522526786625455
20720190000,0,218,144.23077810419423,-37.522497776652585
20720190000,0,219,144.23101612415203,-37.5225087866682
20720190000,0,220,144.23157508407348,-37.52233579670365
20720190000,0,221,144.23149711409434,-37.52226378669811
20720190000,0,222,144.23140108412318,-37.52214477669109
20720190000,0,223,144.23136411414333,-37.52201078668785
20720190000,0,224,144.23135611415626,-37.521898786686634
20720190000,0,225,144.23136112416714,-37.52178478668625
20720190000,0,226,144.2314291241687,-37.52165578668989
20720190000,0,227,144.23085610434094,-37.52094277664802
20720190000,0,228,144.23083311435084,-37.52088478664616
20720190000,0,229,144.23082011436443,-37.520774786644616
20720190000,0,230,144.2308311043762,-37.520641786644525
20720190000,0,231,144.23083212438615,-37.52054378664397
20720190000,0,232,144.23078208440035,-37.52048978664037
20720190000,0,233,144.23066911442396,-37.52044979663274
20720190000,0,234,144.23047409446033,-37.520422786619825
20720190000,0,235,144.2303790844761,-37.520428796613665
20720190000,0,236,144.22968909457347,-37.52063878656989
20720190000,0,237,144.22905610466614,-37.52079879652953
20720190000,0,238,144.22899007467137,-37.520858786525594
20720190000,0,239,144.2288851046767,-37.520982796519505
20720190000,0,240,144.2287671046898,-37.52105278651223
20720190000,0,241,144.22864511470692,-37.52109077650451
20720190000,0,242,144.22848309473272,-37.521111776494045
20720190000,0,243,144.22835808475094,-37.52114378648608
20720190000,0,244,144.22823409476968,-37.52116979647814
20720190000,0,245,144.22811908479073,-37.52115778647055
20720190000,0,246,144.22803710480787,-37.52112877646502
20720190000,0,247,144.2279791048261,-37.52104878646073
20720190000,0,248,144.2279910748325,-37.52096679646102
20720190000,0,249,144.22794209484647,-37.520912796457466
20720190000,0,250,144.22794410485108,-37.52086478645731
20720190000,0,251,144.22793709486413,-37.52074978645613
20720190000,0,252,144.22797311486934,-37.520638786457795
20720190000,0,253,144.2279731148781,-37.52055377645728
20720190000,0,254,144.22793409489572,-37.520447796454064
20720190000,0,255,144.22784310492955,-37.520271786447026
20720190000,0,256,144.2277721149592,-37.520102786441335
20720190000,0,257,144.22770509499,-37.519915786435796
20720190000,0,258,144.22769611500527,-37.519782796434384
20720190000,0,259,144.22776309500327,-37.51968979643819
20720190000,0,260,144.22785212499687,-37.519602786443464
20720190000,0,261,144.22795107498936,-37.51950978644934
20720190000,0,262,144.2280110749934,-37.5193707764524
20720190000,0,263,144.22798709501117,-37.519237786450006
20720190000,0,264,144.22792610502634,-37.51919279644574
20720190000,0,265,144.22776510506307,-37.51910578643467
20720190000,0,266,144.22759209509897,-37.51904678642302
20720190000,0,267,144.22682011524915,-37.51888078637156
20720190000,0,268,144.22637109533295,-37.51881879634185
20720190000,0,269,144.22608708538473,-37.51879178632313
20720190000,0,270,144.225808125439,-37.51873178630454
20720190000,0,271,144.22573909545878,-37.51865479629955
20720190000,0,272,144.2257020854908,-37.51840578629559
20720190000,0,273,144.22570811551853,-37.518126786294246
20720190000,0,274,144.22570208555845,-37.51774879629151
20720190000,0,275,144.22566810557194,-37.51767479628883
20720190000,0,276,144.2255721155931,-37.517629776282284
20720190000,0,277,144.23836495338,-37.51770259711857
20720190000,0,278,144.2445414823213,-37.517643197521984
20720190000,0,279,144.25489113053644,-37.51764922819899
20720190000,0,280,144.26080091952807,-37.517548638585104
20720190000,0,281,144.26129304943248,-37.517652598617964
20720190000,0,282,144.26154007936194,-37.51792378863583
20720190000,0,283,144.2615619793379,-37.518120238638474
20720190000,0,284,144.26151784930488,-37.51851384863804
20720190000,0,285,144.26155650926074,-37.518876828642824
20720190000,0,286,144.26159508920853,-37.519318558648095
20720190000,0,287,144.26175009911884,-37.51992879866203
20720190000,0,288,144.26172764906988,-37.52044098866375
20720190000,0,289,144.2616341090694,-37.52060178865862
20720190000,0,290,144.2616998390479,-37.52070053866353
20720190000,0,291,144.26181506901366,-37.520839788671935
20720190000,0,292,144.26219006893632,-37.52096277869725
20720190000,0,293,144.2623540988924,-37.521114798708936
20720190000,0,294,144.26244608885017,-37.521369778716554
20720190000,0,295,144.2621441188843,-37.521543788697855
20720190000,0,296,144.26202523890197,-37.52157085869025
20720190000,0,297,144.2618101489165,-37.52178952867752
20720190000,0,298,144.2614480989599,-37.52197378865496
20720190000,0,299,144.26106908901897,-37.52203477863055
20720190000,0,300,144.2611980789833,-37.5221647786398
20720190000,0,301,144.26140510893947,-37.522243798653825
20720190000,0,302,144.26164709887917,-37.5224237786708
20720190000,0,303,144.262030748772,-37.52282163869838
20720190000,0,304,144.262118968745,-37.52293533870487
20720190000,0,305,144.2623395786682,-37.52331146872164
20720190000,0,306,144.26253477860118,-37.52363456873643
20720190000,0,307,144.2626814685677,-37.52371380874652
20720190000,0,308,144.2629792785123,-37.52375316876626
20720190000,0,309,144.2636003584093,-37.523713618806674
20720190000,0,310,144.2641815083041,-37.52376192884502
20720190000,0,311,144.26441408825286,-37.52386979886092
20720190000,0,312,144.26453442821028,-37.52408117887011
20720190000,0,313,144.2641281082018,-37.52484278884826
20720190000,0,314,144.2639400981926,-37.52524578883843
20720190000,0,315,144.26408222811133,-37.52579553885116
20720190000,0,316,144.26397743805583,-37.526508418848735
20720190000,0,317,144.26371825806666,-37.52683641883379
20720190000,0,318,144.2637110680524,-37.526986788834265
20720190000,0,319,144.26374584800413,-37.52739620883908
20720190000,0,320,144.26373478796904,-37.527754838840586
20720190000,0,321,144.2636355479532,-37.52807408883607
20720190000,0,322,144.26339840795166,-37.5284851988231
20720190000,0,323,144.26321090795827,-37.528734478812396
20720190000,0,324,144.26282487800273,-37.528948768788446
20720190000,0,325,144.26206936813344,-37.528944398738965
20720190000,0,326,144.2613413782807,-37.528734478690005
20720190000,0,327,144.26107667834302,-37.52857265867166
20720190000,0,328,144.26065754845095,-37.52822715864209
20720190000,0,329,144.26041492849458,-37.5282096786261
20720190000,0,330,144.26028411851425,-37.52823779861771
20720190000,0,331,144.26023844851554,-37.52830150861512
20720190000,0,332,144.26022209850575,-37.528423798614796
20720190000,0,333,144.2602715184909,-37.52848519861841
20720190000,0,334,144.26045901843779,-37.52868636863195
20720190000,0,335,144.26051439840145,-37.52894632863718
20720190000,0,336,144.2604866183888,-37.52911495863642
20720190000,0,337,144.26042040837947,-37.52931613863334
20720190000,0,338,144.2600619783894,-37.52981906861299
20720190000,0,339,144.2595329484383,-37.53022907858091
20720190000,0,340,144.2592001384791,-37.53039024856014
20720190000,0,341,144.25892620852574,-37.53039601854225
20720190000,0,342,144.2585178486154,-37.53020941851435
20720190000,0,343,144.25832209865263,-37.530175778501345
20720190000,0,344,144.25843848861814,-37.53031552850983
20720190000,0,345,144.25844338861594,-37.53032856851022
20720190000,0,346,144.25847644859144,-37.53051112851353
20720190000,0,347,144.25848707856466,-37.53075279851572
20720190000,0,348,144.25841578853948,-37.53111568851331
20720190000,0,349,144.2584047685249,-37.53127530851358
20720190000,0,350,144.25841166850566,-37.53145022851512
20720190000,0,351,144.25844060848053,-37.53164589851823
20720190000,0,352,144.25841611846232,-37.53186279851798
20720190000,0,353,144.25824792846603,-37.532108328508485
20720190000,0,354,144.25795307849896,-37.53228178849027
20720190000,0,355,144.25763508854993,-37.532319778469706
20720190000,0,356,144.2572930886095,-37.532313788447276
20720190000,0,357,144.2568920986873,-37.53222977842053
20720190000,0,358,144.25666758872876,-37.53220345840566
20720190000,0,359,144.25644011876858,-37.53219799839075
20720190000,0,360,144.25634510877933,-37.53225279838488
20720190000,0,361,144.25642080875195,-37.532391488390694
20720190000,0,362,144.2564757087223,-37.53258684839548
20720190000,0,363,144.2564773486997,-37.532803648396936
20720190000,0,364,144.25624848871456,-37.53304196838344
20720190000,0,365,144.25588779876608,-37.53314552836048
20720190000,0,366,144.25552308883144,-37.53312179833649
20720190000,0,367,144.25527372888075,-37.53306055831978
20720190000,0,368,144.25493872895038,-37.532945768297154
20720190000,0,369,144.2543776090709,-37.53271619825901
20720190000,0,370,144.25410875913497,-37.532544558240346
20720190000,0,371,144.2538181091963,-37.53243579822066
20720190000,0,372,144.25366706922009,-37.53245778821091
20720190000,0,373,144.25361793921317,-37.53260686820864
20720190000,0,374,144.25355310920847,-37.532760788205344
20720190000,0,375,144.25337710915556,-37.533567788198845
20720190000,0,376,144.25322917914536,-37.53391436819131
20720190000,0,377,144.2531312891505,-37.534028068185606
20720190000,0,378,144.25310708915006,-37.534072788184304
20720190000,0,379,144.2530651091416,-37.53422485818251
20720190000,0,380,144.25308386912502,-37.53435431818454
20720190000,0,381,144.25310919911328,-37.53442600818665
20720190000,0,382,144.25316712908526,-37.53460092819153
20720190000,0,383,144.25329611901472,-37.53506878820286
20720190000,0,384,144.2533160090072,-37.53510819820442
20720190000,0,385,144.25335184899552,-37.5351617482071
20720190000,0,386,144.2537710888917,-37.53546677823642
20720190000,0,387,144.253892088854,-37.53562978824535
20720190000,0,388,144.25396508882432,-37.535795788251164
20720190000,0,389,144.25395008881492,-37.535911778250885
20720190000,0,390,144.25380956883373,-37.53596418824202
20720190000,0,391,144.25356307887145,-37.53601078822618
20720190000,0,392,144.25340422889838,-37.53601558821581
20720190000,0,393,144.25326362892093,-37.536031978206736
20720190000,0,394,144.25315909893362,-37.5360837882002
20720190000,0,395,144.25305609894139,-37.53618078819407
20720190000,0,396,144.25302707894,-37.536242778192566
20720190000,0,397,144.2530416389281,-37.536333708194086
20720190000,0,398,144.25328509885264,-37.53665778821201
20720190000,0,399,144.25343430881384,-37.53678436822256
20720190000,0,400,144.25399107869188,-37.537035788260546
20720190000,0,401,144.25405907866707,-37.53716237826579
20720190000,0,402,144.25400830866198,-37.5372967082633
20720190000,0,403,144.25375305869406,-37.537412718247325
20720190000,0,404,144.25368706870327,-37.537433798243136
20720190000,0,405,144.25368608870053,-37.537461788243256
20720190000,0,406,144.2537470786824,-37.537535788247695
20720190000,0,407,144.2538692086535,-37.53761170825616
20720190000,0,408,144.25401907861976,-37.53768777826643
20720190000,0,409,144.254198108582,-37.53775478827857
20720190000,0,410,144.25504263842393,-37.53787442833456
20720190000,0,411,144.25518688839347,-37.537928728344355
20720190000,0,412,144.255223098384,-37.53795978834691
20720190000,0,413,144.25197353862723,-37.541036228153416
20720190000,0,414,144.25161054869176,-37.54101777812956
20720190000,0,415,144.25152652861857,-37.54186777812934
20720190000,0,416,144.25069840858802,-37.543548658085605
20720190000,0,417,144.25013725869547,-37.54344562804826
20720190000,0,418,144.25061909866295,-37.54295478807672
20720190000,0,419,144.25078589867445,-37.54256467808521
20720190000,0,420,144.24980054890094,-37.54201722801736
20720190000,0,421,144.24885953907804,-37.54187478795493
20720190000,0,422,144.24884654907007,-37.5419732279547
20720200000,0,0,144.1806224832199,-37.5188397933583
20720200000,0,1,144.16810710537618,-37.5188617825437
20720200000,0,2,144.16805009566414,-37.51614977252315
20720200000,0,3,144.16389909638528,-37.516098792252755
20720200000,0,4,144.16316810660362,-37.515198782199604
20720200000,0,5,144.16196211708237,-37.512557782104764
20720200000,0,6,144.16150910735317,-37.510677772063616
20720200000,0,7,144.16183111755964,-37.50812177206868
20720200000,0,8,144.16818127646968,-37.50807436248152
20720200000,0,9,144.1682055064382,-37.50834065248475
20720200000,0,10,144.16823109641317,-37.508541782487676
20720200000,0,11,144.16839111634556,-37.50893178250049
20720200000,0,12,144.16865175627072,-37.50922382251928
20720200000,0,13,144.16883911622125,-37.5093907825325
20720200000,0,14,144.16897613618235,-37.50953978254235
20720200000,0,15,144.16923411614547,-37.509465782558685
20720200000,0,16,144.16944110612212,-37.509345442571394
20720200000,0,17,144.16959732611187,-37.50918288258056
20720200000,0,18,144.1697384761058,-37.50900474258864
20720200000,0,19,144.16990710609812,-37.50879579259832
20720200000,0,20,144.17026013606252,-37.50854977261976
20720200000,0,21,144.1704171160453,-37.50845378262937
20720200000,0,22,144.17061994602503,-37.50831036264169
20720200000,0,23,144.17088698599224,-37.50818118265826
20720200000,0,24,144.17107809596203,-37.50815478267053
20720200000,0,25,144.17125406592442,-37.508225322682435
20720200000,0,26,144.17136812589405,-37.508329792690496
20720200000,0,27,144.17144608585363,-37.50859278269721
20720200000,0,28,144.1714701058362,-37.50872278269957
20720200000,0,29,144.17146791581567,-37.5089263827007
20720200000,0,30,144.17148412579527,-37.50909778270282
20720200000,0,31,144.1715117557688,-37.50930968270595
20720200000,0,32,144.17155164575007,-37.509425272709265
20720200000,0,33,144.17171783569728,-37.50966073272153
20720200000,0,34,144.17183711566673,-37.5097577827299
20720200000,0,35,144.17194909563477,-37.509880772737965
20720200000,0,36,144.17208812559772,-37.510008772747796
20720200000,0,37,144.1722751155512,-37.510147782760825
20720200000,0,38,144.17249028550276,-37.51025838277553
20720200000,0,39,144.1725595954838,-37.51032729278046
20720200000,0,40,144.17267091544727,-37.51049573278876
20720200000,0,41,144.17270512542876,-37.510618772791744
20720200000,0,42,144.17272931540379,-37.510821372794595
20720200000,0,43,144.1727749453841,-37.510936772798274
20720200000,0,44,144.1728209353573,-37.51112083280241
20720200000,0,45,144.1728196953413,-37.511278842803314
20720200000,0,46,144.17287305529706,-37.511620642808914
20720200000,0,47,144.1728671052802,-37.51179478280959
20720200000,0,48,144.17282323526368,-37.51202957280821
20720200000,0,49,144.17272738526347,-37.512192642802965
20720200000,0,50,144.1725882452711,-37.51235239279491
20720200000,0,51,144.1724194752858,-37.512492442784804
20720200000,0,52,144.1722515353049,-37.51258893277446
20720200000,0,53,144.17213619531924,-37.51264269276729
20720200000,0,54,144.17211750531936,-37.51267300276626
20720200000,0,55,144.17214210531165,-37.51270678276807
20720200000,0,56,144.1722597852854,-37.512764962776096
20720200000,0,57,144.17252897522854,-37.512866912794244
20720200000,0,58,144.17283808516467,-37.512969772815
20720200000,0,59,144.17344012504105,-37.5131627828554
20720200000,0,60,144.1738405949563,-37.51331593288241
20720200000,0,61,144.1743518948499,-37.513493182916804
20720200000,0,62,144.17469809478024,-37.51359078293994
20720200000,0,63,144.17511382469925,-37.51368134296758
20720200000,0,64,144.17554474461286,-37.51379915299636
20720200000,0,65,144.1757416645694,-37.51389178300976
20720200000,0,66,144.17587810453756,-37.513972793019136
20720200000,0,67,144.17596708451524,-37.51404077302536
20720200000,0,68,144.17602610449603,-37.51412878302975
20720200000,0,69,144.1762291244121,-37.51460578304592
20720200000,0,70,144.1763721243512,-37.51495878305743
20720200000,0,71,144.17646670432325,-37.51507224306429
20720200000,0,72,144.1766670842714,-37.51524078307838
20720200000,0,73,144.17690411422066,-37.51533677309441
20720200000,0,74,144.17704004419627,-37.51534608310332
20720200000,0,75,144.17729908415123,-37.51534978312021
20720200000,0,76,144.1775223841143,-37.515334173134654
20720200000,0,77,144.17782716404272,-37.515519783155646
20720200000,0,78,144.1780030940105,-37.51553778316722
20720200000,0,79,144.178300163964,-37.515492083186274
20720200000,0,80,144.17842412394748,-37.51544478319406
20720200000,0,81,144.178600123928,-37.51533877320485
20720200000,0,82,144.17872510391598,-37.51524577321243
20720200000,0,83,144.1788262039047,-37.515185873218634
20720200000,0,84,144.17899111387933,-37.51515579322919
20720200000,0,85,144.17915952384752,-37.515182893240315
20720200000,0,86,144.17928563382029,-37.51523643324886
20720200000,0,87,144.17932811380717,-37.51529278325197
20720200000,0,88,144.17936812378213,-37.51546979325568
20720200000,0,89,144.17942013374747,-37.51571978326062
20720200000,0,90,144.17984375364114,-37.51604408329023
20720200000,0,91,144.18054411350346,-37.51620877333686
20720200000,0,92,144.18126480336866,-37.51631122338443
20720200000,0,93,144.18170810327828,-37.516446943414145
20720200000,0,94,144.18182380325047,-37.516523643422154
20720200000,0,95,144.1818851232321,-37.51659979342662
20720200000,0,96,144.18193410321092,-37.51672377343058
20720200000,0,97,144.18189501320808,-37.51681687342862
20720200000,0,98,144.1817196732258,-37.516938783417956
20720200000,0,99,144.1815164332527,-37.5170180434052
20720200000,0,100,144.1813961332733,-37.51701978339739
20720200000,0,101,144.18126612328945,-37.517080793389304
20720200000,0,102,144.18101825332795,-37.5171220133734
20720200000,0,103,144.18087509334538,-37.51719279336452
20720200000,0,104,144.18081410334403,-37.51730878336128
20720200000,0,105,144.18072544334456,-37.51745217335639
20720200000,0,106,144.18067511334644,-37.51751878335352
20720200000,0,107,144.18050411336503,-37.51762478334305
20720200000,0,108,144.18039713337188,-37.51773778333678
20720200000,0,109,144.18036011337108,-37.517807783334796
20720200000,0,110,144.18033964335743,-37.51797528333453
20720200000,0,111,144.18034909334108,-37.51811879333603
20720200000,0,112,144.1803767633201,-37.5182763933388
20720200000,0,113,144.1803750833105,-37.518372773339294
20720200000,0,114,144.1804075632914,-37.51850438334224
20720200000,0,115,144.18046662327149,-37.518598793346655
20720200000,0,116,144.18050600325404,-37.51870294334986
20720200000,0,117,144.1806224832199,-37.5188397933583
20720210000,0,0,144.16183111755964,-37.50812177206868
20720210000,0,1,144.16142811763066,-37.508106792042355
20720210000,0,2,144.1615110876798,-37.50748778204392
20720210000,0,3,144.16134047777857,-37.506811142028624
20720210000,0,4,144.1612407678341,-37.5064369220198
20720210000,0,5,144.16100603791236,-37.50606839200224
20720210000,0,6,144.16060931802082,-37.505677431974014
20720210000,0,7,144.16014167812563,-37.50544144194212
20720210000,0,8,144.1585817384701,-37.5047041418361
20720210000,0,9,144.1581328585757,-37.50442884180521
20720210000,0,10,144.15691627887554,-37.503549221720625
20720210000,0,11,144.1563954990234,-37.50298201168323
20720210000,0,12,144.15601188915335,-37.50235930165443
20720210000,0,13,144.15560709930492,-37.501560641623136
20720210000,0,14,144.15531699948644,-37.5002769615963
20720210000,0,15,144.15516540970788,-37.49837031157459
20720210000,0,16,144.15508581005588,-37.495106471549136
20720210000,0,17,144.15507395014836,-37.49422321154287
20720210000,0,18,144.1550278801841,-37.4939517715382
20720210000,0,19,144.15494510031147,-37.492847791525946
20720210000,0,20,144.15514709028196,-37.49279578153876
20720210000,0,21,144.15813311983734,-37.492112781728686
20720210000,0,22,144.15839011979904,-37.49205478174503
20720210000,0,23,144.15859265978398,-37.491861181757
20720210000,0,24,144.15857330978793,-37.491854911755695
20720210000,0,25,144.15903455976002,-37.49135165178257
20720210000,0,26,144.1597651096209,-37.49148078183088
20720210000,0,27,144.16018412952403,-37.49172178185963
20720210000,0,28,144.16060109943854,-37.491854781887575
20720210000,0,29,144.16256512911005,-37.49175778201474
20720210000,0,30,144.16373356885663,-37.49226637209391
20720210000,0,31,144.16376597881407,-37.49262730209825
20720210000,0,32,144.1641003587579,-37.492612892119915
20720210000,0,33,144.16440910870205,-37.492638772140154
20720210000,0,34,144.16453671867205,-37.49271701214895
20720210000,0,35,144.16461011864826,-37.4928257921544
20720210000,0,36,144.1646021286356,-37.49296278215473
20720210000,0,37,144.16448710863668,-37.49314578214838
20720210000,0,38,144.16422511866244,-37.493334782132514
20720210000,0,39,144.16400410867675,-37.49356679211959
20720210000,0,40,144.1640187086601,-37.49370474212139
20720210000,0,41,144.16412305861962,-37.493924172129546
20720210000,0,42,144.16438308854842,-37.49418178214807
20720210000,0,43,144.16477009845644,-37.494428782174765
20720210000,0,44,144.16508910838587,-37.494580772196464
20720210000,0,45,144.1652471183449,-37.49471479220758
20720210000,0,46,144.16537409829527,-37.494985782217526
20720210000,0,47,144.1655521082399,-37.4952267822306
20720210000,0,48,144.1657481182009,-37.49527778224368
20720210000,0,49,144.16596112817015,-37.49521978225718
20720210000,0,50,144.16613409814667,-37.495157792268046
20720210000,0,51,144.16677711804292,-37.49508878230945
20720210000,0,52,144.16715671797294,-37.495133242334425
20720210000,0,53,144.16744280791167,-37.49524983235377
20720210000,0,54,144.167922127799,-37.49554377238678
20720210000,0,55,144.1683661077104,-37.49566178241641
20720210000,0,56,144.16868413764908,-37.49572478243749
20720210000,0,57,144.16886309760937,-37.49581178244968
20720210000,0,58,144.16897109757485,-37.495966772457685
20720210000,0,59,144.16894813756386,-37.49611278245709
20720210000,0,60,144.16882998757904,-37.496163122449715
20720210000,0,61,144.1685757276208,-37.49618297243329
20720210000,0,62,144.16802512770823,-37.49625578239791
20720210000,0,63,144.16777185773745,-37.49639668238231
20720210000,0,64,144.16764059773786,-37.49661376237513
20720210000,0,65,144.1675851177126,-37.49695279237361
20720210000,0,66,144.16749678770984,-37.49712817236897
20720210000,0,67,144.16734056772077,-37.497284722359765
20720210000,0,68,144.16684909776333,-37.49769579233034
20720210000,0,69,144.16667312777366,-37.497890782320106
20720210000,0,70,144.16659428776546,-37.49810317231629
20720210000,0,71,144.16658585772893,-37.498473972318045
20720210000,0,72,144.16693410755454,-37.49958952234765
20720210000,0,73,144.16705612750624,-37.49985579235723
20720210000,0,74,144.16709269746576,-37.50018903236169
20720210000,0,75,144.16708974743742,-37.50047069236324
20720210000,0,76,144.16715310741233,-37.500608782368225
20720210000,0,77,144.16728512738013,-37.50070078237739
20720210000,0,78,144.16753609733283,-37.50074014239396
20720210000,0,79,144.1678649672779,-37.500723242415255
20720210000,0,80,144.168244127226,-37.500591782439116
20720210000,0,81,144.16876111716542,-37.50031378247103
20720210000,0,82,144.16917162710263,-37.50023593249726
20720210000,0,83,144.1695305670351,-37.50029119252096
20720210000,0,84,144.16985268695575,-37.500523702543376
20720210000,0,85,144.17008405688466,-37.500828262560326
20720210000,0,86,144.17013997684353,-37.50113514256587
20720210000,0,87,144.17003412683474,-37.5013987825606
20720210000,0,88,144.1695980968776,-37.501713782534196
20720210000,0,89,144.16919860692735,-37.501900172509366
20720210000,0,90,144.16872012698875,-37.5021059824795
20720210000,0,91,144.16826810706095,-37.502161782450436
20720210000,0,92,144.1678761671127,-37.50231585242588
20720210000,0,93,144.1675590971427,-37.50255577240674
20720210000,0,94,144.16738940714737,-37.502796222397194
20720210000,0,95,144.16725296713528,-37.50314368239047
20720210000,0,96,144.1672970971061,-37.503353792394634
20720210000,0,97,144.16749711704546,-37.503608772409244
20720210000,0,98,144.16821310686936,-37.504122782459035
20720210000,0,99,144.16853510678484,-37.50440577248175
20720210000,0,100,144.16862310674813,-37.50461578248878
20720210000,0,101,144.16873508670494,-37.50484877249752
20720210000,0,102,144.1688994866482,-37.505125502509934
20720210000,0,103,144.16887860663147,-37.5053239825098
20720210000,0,104,144.16873859663318,-37.50554302250205
20720210000,0,105,144.16848206665725,-37.50573920248657
20720210000,0,106,144.16806710671213,-37.50590177246059
20720210000,0,107,144.1674192967994,-37.50613980241991
20720210000,0,108,144.16668210690005,-37.50639778237355
20720210000,0,109,144.16672207686514,-37.506671282377845
20720210000,0,110,144.1668358868331,-37.50679224238601
20720210000,0,111,144.16707919677833,-37.50691694240262
20720210000,0,112,144.16733812672658,-37.506986782419894
20720210000,0,113,144.16764012667295,-37.50700208243964
20720210000,0,114,144.16797909659866,-37.50715678246266
20720210000,0,115,144.16809797653715,-37.50755673247288
20720210000,0,116,144.16817295648445,-37.50794417248018
20720210000,0,117,144.16818127646968,-37.50807436248152
20720210000,0,118,144.16183111755964,-37.50812177206868
20720221000,0,0,144.1653075614672,-37.46413357202139
20720221000,0,1,144.16503870141563,-37.465089132009844
20720221000,0,2,144.16481912134788,-37.466119782001954
20720221000,0,3,144.1645551113114,-37.466919781989766
20720221000,0,4,144.15419722288635,-37.468953851328784
20720221000,0,5,144.153435103159,-37.46757177127064
20720221000,0,6,144.14827312497724,-37.458483780878595
20720221000,0,7,144.14683659541302,-37.456639730773766
20720221000,0,8,144.14853712509992,-37.45683977088552
20720221000,0,9,144.1564681436393,-37.45777578140691
20720221000,0,10,144.15561911324022,-37.463103781384845
20720221000,0,11,144.15572912322057,-37.463110781392054
20720221000,0,12,144.1558340932017,-37.46311879139893
20720221000,0,13,144.16009412245822,-37.463218781676574
20720221000,0,14,144.16010014239822,-37.46379478168054
20720221000,0,15,144.1603681323527,-37.46378878169794
20720221000,0,16,144.1633361218313,-37.463891791891626
20720221000,0,17,144.16356512179075,-37.46390278190659
20720221000,0,18,144.1653075614672,-37.46413357202139
20720222000,0,0,144.15419722288635,-37.468953851328784
20720222000,0,1,144.1645551113114,-37.466919781989766
20720222000,0,2,144.16438210127504,-37.46756578198252
20720222000,0,3,144.1642176711762,-37.468807681979555
20720222000,0,4,144.16408087109286,-37.46985142197714
20720222000,0,5,144.16415109096542,-37.470977791988716
20720222000,0,6,144.16419037087874,-37.47175827199612
20720222000,0,7,144.16407010083967,-37.472341771991935
20720222000,0,8,144.16383566079912,-37.47313180198159
20720222000,0,9,144.16377967077193,-37.47349149198019
20720222000,0,10,144.16374113069895,-37.47426877198251
20720222000,0,11,144.1636607506892,-37.474499631978716
20720222000,0,12,144.16356512068475,-37.47470378197376
20720222000,0,13,144.1632721407055,-37.47499379195651
20720222000,0,14,144.16288538075196,-37.47519015193257
20720222000,0,15,144.16247509079295,-37.47547978190769
20720222000,0,16,144.16220437083516,-37.47552291189034
20720222000,0,17,144.16184356090406,-37.475456971866464
20720222000,0,18,144.16122412100447,-37.47551778182655
20720222000,0,19,144.16093614103997,-37.475655771808675
20720222000,0,20,144.16069969104973,-37.47595773179516
20720222000,0,21,144.16056409105497,-37.47613478178745
20720222000,0,22,144.16037510107984,-37.47620977177562
20720222000,0,23,144.15997794113497,-37.47633918175061
20720222000,0,24,144.15972711115904,-37.47652577173545
20720222000,0,25,144.15951589116378,-37.47683493172363
20720222000,0,26,144.15923422116472,-37.4772994817082
20720222000,0,27,144.1590371211789,-37.4774927916966
20720222000,0,28,144.15876041120828,-37.477670941679705
20720222000,0,29,144.15864511121416,-37.47780778167305
20720222000,0,30,144.15857214120777,-37.477992781669464
20720222000,0,31,144.15845111118549,-37.47841377166421
20720222000,0,32,144.1583631111771,-37.47864378165991
20720222000,0,33,144.15793810124111,-37.478733781632826
20720222000,0,34,144.15783638125654,-37.47875399162635
20720222000,0,35,144.15760566130086,-37.478708961611055
20720222000,0,36,144.15604309201595,-37.474352781482374
20720222000,0,37,144.15681109189896,-37.47420378153138
20720222000,0,38,144.15707009185846,-37.47416379154798
20720222000,0,39,144.15419722288635,-37.468953851328784
20720230000,0,0,144.17393945285863,-37.436039022408316
20720230000,0,1,144.17412914277264,-37.4365607824239
20720230000,0,2,144.17459612251525,-37.43829079246506
20720230000,0,3,144.1751169722784,-37.43972894250793
20720230000,0,4,144.17537864216516,-37.440395422529114
20720230000,0,5,144.17521910202157,-37.44206578252913
20720230000,0,6,144.1750651119772,-37.44275778252341
20720230000,0,7,144.17496243193114,-37.443379842520585
20720230000,0,8,144.17477311190646,-37.44393878251174
20720230000,0,9,144.1743149619131,-37.4446434524863
20720230000,0,10,144.1741031118895,-37.44522978247617
20720230000,0,11,144.17420812171167,-37.4467897824927
20720230000,0,12,144.17414009165867,-37.44742177249222
20720230000,0,13,144.1748741014507,-37.44821977254496
20720230000,0,14,144.17670560118492,-37.4477390126612
20720230000,0,15,144.17682013115856,-37.447803782669055
20720230000,0,16,144.17989260058192,-37.448274152872045
20720230000,0,17,144.17934210036978,-37.451268782854825
20720230000,0,18,144.17577412103054,-37.45081077261967
20720230000,0,19,144.17564210105445,-37.450798782611
20720230000,0,20,144.17259311160936,-37.45050179241067
20720230000,0,21,144.17177109183334,-37.44969578235216
20720230000,0,22,144.16981509224098,-37.44900079222054
20720230000,0,23,144.16970311225563,-37.44904578221354
20720230000,0,24,144.16997412213416,-37.44977679223572
20720230000,0,25,144.16947911219884,-37.44997677220474
20720230000,0,26,144.168650122381,-37.4495907721484
20720230000,0,27,144.16859267237754,-37.449720752145474
20720230000,0,28,144.16830512230845,-37.45087878213396
20720230000,0,29,144.16819511225336,-37.4516017821313
20720230000,0,30,144.16811912219245,-37.45232478213086
20720230000,0,31,144.16797410217663,-37.4527227821239
20720230000,0,32,144.16770926217865,-37.45314801210931
20720230000,0,33,144.16721509222953,-37.45348178207923
20720230000,0,34,144.16677906228492,-37.45367322205205
20720230000,0,35,144.16637066236748,-37.45355353202474
20720230000,0,36,144.16537651254305,-37.453509181959774
20720230000,0,37,144.16444379269558,-37.45358697189959
20720230000,0,38,144.1636910828343,-37.453496791850064
20720230000,0,39,144.1599311135281,-37.45303878160264
20720230000,0,40,144.15955213359823,-37.4529907815777
20720230000,0,41,144.1587891437386,-37.45290177152752
20720230000,0,42,144.15983212411516,-37.44746779156155
20720230000,0,43,144.1562301247796,-37.447029781324574
20720230000,0,44,144.15542413511545,-37.445101781260185
20720230000,0,45,144.15500211519364,-37.4450467812324
20720230000,0,46,144.15619811560688,-37.438994791272506
20720230000,0,47,144.15341411612016,-37.4386577910894
20720230000,0,48,144.15327910614508,-37.43864079108052
20720230000,0,49,144.1470071273015,-37.43787977066813
20720230000,0,50,144.1474681174962,-37.4351987906814
20720230000,0,51,144.14222113846373,-37.43455978033652
20720230000,0,52,144.14226310848062,-37.43432378033777
20720230000,0,53,144.1404361388191,-37.434085770217614
20720230000,0,54,144.14080814894942,-37.43218379022995
20720230000,0,55,144.13714212962796,-37.431711779988895
20720230000,0,56,144.1367361394738,-37.43390478997616
20720230000,0,57,144.13823909919722,-37.43408278007489
20720230000,0,58,144.13772513901787,-37.43670378005782
20720230000,0,59,144.14035211853167,-37.43704078023054
20720230000,0,60,144.1392021080557,-37.44363579019689
20720230000,0,61,144.13843714815278,-37.4439737801493
20720230000,0,62,144.13832709824854,-37.44322178013748
20720230000,0,63,144.13771911834942,-37.443257780098214
20720230000,0,64,144.13783810822875,-37.44423878011204
20720230000,0,65,144.13705612832794,-37.44458478006341
20720230000,0,66,144.13692414837556,-37.44434079005332
20720230000,0,67,144.13648709847533,-37.444099790023444
20720230000,0,68,144.13630013851784,-37.44399878001069
20720230000,0,69,144.13350511935363,-37.44052276980755
20720230000,0,70,144.1312151100381,-37.437676769641186
20720230000,0,71,144.12644310146464,-37.431740789294494
20720230000,0,72,144.12584322166413,-37.43079728924969
20720230000,0,73,144.12604018176555,-37.42947125925422
20720230000,0,74,144.13284706052477,-37.430161239700354
20720230000,0,75,144.13302901061581,-37.42896324970471
20720230000,0,76,144.13315260060216,-37.42888843971226
20720230000,0,77,144.133243740592,-37.428834719717855
20720230000,0,78,144.1336053805522,-37.42861546973996
20720230000,0,79,144.13369616054214,-37.42856118974553
20720230000,0,80,144.13378752053188,-37.42850781975112
20720230000,0,81,144.13387972052135,-37.42845560975679
20720230000,0,82,144.13397294051052,-37.428404919762514
20720230000,0,83,144.13406740049925,-37.42835611976835
20720230000,0,84,144.13416336048755,-37.42830947977429
20720230000,0,85,144.13426103047524,-37.42826533978037
20720230000,0,86,144.13436053046232,-37.42822393978656
20720230000,0,87,144.13456205043587,-37.42814388979915
20720230000,0,88,144.13476572040878,-37.428066079811884
20720230000,0,89,144.13497140038112,-37.427990599824774
20720230000,0,90,144.13507495036708,-37.427953779831256
20720230000,0,91,144.13528325033863,-37.42788203984435
20720230000,0,92,144.13538801032416,-37.42784716985093
20720230000,0,93,144.1355985402949,-37.42777941986418
20720230000,0,94,144.13581028026513,-37.42771447987752
20720230000,0,95,144.13602307023487,-37.42765246989095
20720230000,0,96,144.13623671020414,-37.42759348990447
20720230000,0,97,144.13645100017303,-37.42753763991803
20720230000,0,98,144.1365583101573,-37.42751096992483
20720230000,0,99,144.13666587014146,-37.427485419931664
20720230000,0,100,144.1367747501249,-37.4274636799386
20720230000,0,101,144.1368850201078,-37.427445739945654
20720230000,0,102,144.13699645009012,-37.42743100995279
20720230000,0,103,144.13710877007208,-37.427418849960006
20720230000,0,104,144.1372217700537,-37.42740863996728
20720230000,0,105,144.13767578997914,-37.42737465999655
20720230000,0,106,144.13778857996073,-37.42736472000382
20720230000,0,107,144.13790066994267,-37.42735299001103
20720230000,0,108,144.13801173992502,-37.42733879001815
20720230000,0,109,144.13812159990792,-37.42732149002517
20720230000,0,110,144.13823007989143,-37.4273003400321
20720230000,0,111,144.13832577987773,-37.42727322003813
20720230000,0,112,144.13844363986135,-37.42723519004556
20720230000,0,113,144.1385455098483,-37.427191300051895
20720230000,0,114,144.13864146983695,-37.42714091005782
20720230000,0,115,144.13872965982753,-37.4270847800632
20720230000,0,116,144.13880933982009,-37.427023580067996
20720230000,0,117,144.13888473981388,-37.42695763007248
20720230000,0,118,144.13895777980838,-37.42688822007678
20720230000,0,119,144.13902380980463,-37.42681394008061
20720230000,0,120,144.13908716980154,-37.42673757008426
20720230000,0,121,144.13914615979942,-37.42665904008759
20720230000,0,122,144.1392006197982,-37.426579070090646
20720230000,0,123,144.13925039979793,-37.426498240093366
20720230000,0,124,144.13938475980004,-37.42625130010056
20720230000,0,125,144.1394665198031,-37.426083430104825
20720230000,0,126,144.13950575980502,-37.42599883010685
20720230000,0,127,144.1396964698157,-37.425573240116584
20720230000,0,128,144.13977482981952,-37.425403700120626
20720230000,0,129,144.13981549982117,-37.42531949012274
20720230000,0,130,144.13985746982246,-37.42523582012494
20720230000,0,131,144.1399010198235,-37.425152730127266
20720230000,0,132,144.1399463798241,-37.42507037012969
20720230000,0,133,144.13999382982428,-37.42498882013228
20720230000,0,134,144.14004361982393,-37.42490818013499
20720230000,0,135,144.14009431982345,-37.42482765013778
20720230000,0,136,144.1405514098203,-37.42408910016288
20720230000,0,137,144.14075883981832,-37.423759090174286
20720230000,0,138,144.1408645098169,-37.42359522018014
20720230000,0,139,144.1409717798151,-37.4234325901861
20720230000,0,140,144.14108094981276,-37.423271670192186
20720230000,0,141,144.14113624981138,-37.42319196019528
20720230000,0,142,144.14124866980814,-37.4230343202016
20720230000,0,143,144.14136360980422,-37.42287934020812
20720230000,0,144,144.14142207980197,-37.42280301021143
20720230000,0,145,144.14148124979954,-37.4227274902148
20720230000,0,146,144.14154117979686,-37.42265285021822
20720230000,0,147,144.14160187979397,-37.42257914022172
20720230000,0,148,144.1416634197908,-37.42250638022526
20720230000,0,149,144.1417257997874,-37.42243468022886
20720230000,0,150,144.14178900978374,-37.42236404023254
20720230000,0,151,144.14185314977982,-37.42229454023627
20720230000,0,152,144.14191825977562,-37.42222622024007
20720230000,0,153,144.1419842897711,-37.422159120243954
20720230000,0,154,144.1420544097655,-37.42209583024811
20720230000,0,155,144.14214021975585,-37.42204627025337
20720230000,0,156,144.14224014974238,-37.42200979025963
20720230000,0,157,144.1423510397259,-37.42198457026668
20720230000,0,158,144.1424698497071,-37.4219687402743
20720230000,0,159,144.14259328968674,-37.42196043028227
20720230000,0,160,144.1427183396655,-37.421957780290384
20720230000,0,161,144.1428418196442,-37.4219589502984
20720230000,0,162,144.14307245960384,-37.42196570031343
20720230000,0,163,144.1431836395839,-37.4219736403207
20720230000,0,164,144.14329602956323,-37.421987000328095
20720230000,0,165,144.14340880954197,-37.42200544033554
20720230000,0,166,144.1435210495203,-37.42202853034297
20720230000,0,167,144.14363196949844,-37.42205595035034
20720230000,0,168,144.1437407094766,-37.4220872703576
20720230000,0,169,144.14384636945485,-37.422122160364694
20720230000,0,170,144.14394816943346,-37.422160190371535
20720230000,0,171,144.14404474941261,-37.422201840378065
20720230000,0,172,144.14412898939224,-37.422259520383896
20720230000,0,173,144.1442028293722,-37.42233147038916
20720230000,0,174,144.14427184935235,-37.42240957039412
20720230000,0,175,144.1443416093326,-37.42248568039911
20720230000,0,176,144.1444177093128,-37.42255169040448
20720230000,0,177,144.14444347930637,-37.422571210406275
20720230000,0,178,144.14447946929835,-37.42258921040872
20720230000,0,179,144.14455344928285,-37.4226162204137
20720230000,0,180,144.14460845927178,-37.42263218041739
20720230000,0,181,144.14464444926466,-37.42264119041977
20720230000,0,182,144.14469448925496,-37.42265220042309
20720230000,0,183,144.1447604392424,-37.42266419042745
20720230000,0,184,144.14484245922728,-37.42267420043283
20720230000,0,185,144.1448914792184,-37.42267819043604
20720230000,0,186,144.14494844920853,-37.42267919043975
20720230000,0,187,144.14501243919761,-37.422678190443904
20720230000,0,188,144.1450814591863,-37.42267320044835
20720230000,0,189,144.14511846918035,-37.42266918045074
20720230000,0,190,144.14515847917414,-37.4226621904533
20720230000,0,191,144.14519946916795,-37.42265420045591
20720230000,0,192,144.14532246914968,-37.42262619046373
20720230000,0,193,144.14544444913184,-37.42259518047146
20720230000,0,194,144.14545145913314,-37.42257119047177
20720230000,0,195,144.1454424791429,-37.422490200470676
20720230000,0,196,144.14543346914905,-37.42244519046981
20720230000,0,197,144.1454244491581,-37.42237218046878
20720230000,0,198,144.14541546916513,-37.42231818046785
20720230000,0,199,144.14539546917408,-37.422264200466216
20720230000,0,200,144.1453864491831,-37.42219120046518
20720230000,0,201,144.14536644919295,-37.42212819046349
20720230000,0,202,144.1453454292022,-37.422073190461774
20720230000,0,203,144.14531443921405,-37.422009200459364
20720230000,0,204,144.14530541922295,-37.42193719045833
20720230000,0,205,144.14528443923115,-37.42189218045669
20720230000,0,206,144.14527443923575,-37.42186419045587
20720230000,0,207,144.14524242924688,-37.42180919045344
20720230000,0,208,144.1451964392599,-37.42175919045014
20720230000,0,209,144.14516741926826,-37.42172618044805
20720230000,0,210,144.1452454192546,-37.42172820045314
20720230000,0,211,144.14535943923562,-37.4217221904605
20720230000,0,212,144.14560942919576,-37.42169220047657
20720230000,0,213,144.1457453991748,-37.42166819048525
20720230000,0,214,144.14587040915671,-37.42163520049315
20720230000,0,215,144.14609841912335,-37.42157818050763
20720230000,0,216,144.14648838907104,-37.42143420053206
20720230000,0,217,144.1466033990574,-37.42137418053916
20720230000,0,218,144.1467304190426,-37.42130520054698
20720230000,0,219,144.1469513590216,-37.42113918056031
20720230000,0,220,144.1470573490151,-37.42102418056649
20720230000,0,221,144.14715235900965,-37.420918180572
20720230000,0,222,144.14722334900645,-37.42083017057607
20720230000,0,223,144.14730733900467,-37.420706170580765
20720230000,0,224,144.14736734900433,-37.420608170584046
20720230000,0,225,144.1474393190028,-37.420502170588044
20720230000,0,226,144.1474993290025,-37.42040417059134
20720230000,0,227,144.14753531900269,-37.420342180593295
20720230000,0,228,144.14758334900165,-37.42027118059598
20720230000,0,229,144.14762028900256,-37.42020017059793
20720230000,0,230,144.1476793089997,-37.42012917060134
20720230000,0,231,144.14772029899572,-37.4200991806038
20720230000,0,232,144.14776029899198,-37.42006818060621
20720230000,0,233,144.1478303089862,-37.420007180610384
20720230000,0,234,144.1478543289839,-37.419989180611836
20720230000,0,235,144.14799229896806,-37.41991217062032
20720230000,0,236,144.14809529895382,-37.419878180626796
20720230000,0,237,144.14817530894172,-37.41986218063191
20720230000,0,238,144.14825429892883,-37.419855170637
20720230000,0,239,144.14832229891704,-37.41985617064142
20720230000,0,240,144.14838926890351,-37.419876160645885
20720230000,0,241,144.14843430889476,-37.41988617064888
20720230000,0,242,144.14847829888524,-37.419905170651845
20720230000,0,243,144.14852231887483,-37.41993318065489
20720230000,0,244,144.14868827883657,-37.42002818066627
20720230000,0,245,144.1487772988165,-37.42007517067235
20720230000,0,246,144.14885431879847,-37.420122180677645
20720230000,0,247,144.14895432877555,-37.420178180684495
20720230000,0,248,144.1490652887516,-37.42022617069201
20720230000,0,249,144.14916529873142,-37.42025517069868
20720230000,0,250,144.14924329871414,-37.42029315070399
20720230000,0,251,144.14936629868993,-37.42032316071217
20720230000,0,252,144.1495113186609,-37.42036316072185
20720230000,0,253,144.14962428863947,-37.420383160729315
20720230000,0,254,144.14972527862088,-37.42039516073594
20720230000,0,255,144.14988230859166,-37.42041716074629
20720230000,0,256,144.1500292885661,-37.42042016075587
20720230000,0,257,144.15017528853875,-37.42044215076549
20720230000,0,258,144.15034428850743,-37.42046415077662
20720230000,0,259,144.15047830848226,-37.42048515078545
20720230000,0,260,144.15061328845593,-37.42051615079442
20720230000,0,261,144.15074731842887,-37.42055515080337
20720230000,0,262,144.15087031840469,-37.42058516081156
20720230000,0,263,144.1509702983836,-37.420623160818295
20720230000,0,264,144.1511372883481,-37.420690150829564
20720230000,0,265,144.1512272883297,-37.420719150835595
20720230000,0,266,144.15128331831892,-37.4207301608393
20720230000,0,267,144.15136128830437,-37.420741150844435
20720230000,0,268,144.15148527828273,-37.42074415085251
20720230000,0,269,144.1517582982389,-37.42071414087008
20720230000,0,270,144.15186027822202,-37.42070813087667
20720230000,0,271,144.1519952881994,-37.42070213088541
20720230000,0,272,144.1521542781726,-37.420697140895705
20720230000,0,273,144.15226728815298,-37.42069914090308
20720230000,0,274,144.15237926813248,-37.42071114091043
20720230000,0,275,144.15251427810796,-37.42072413091929
20720230000,0,276,144.1526832780776,-37.420737140930356
20720230000,0,277,144.15282923805034,-37.42075813093998
20720230000,0,278,144.1529642580241,-37.420788140948936
20720230000,0,279,144.15308725800082,-37.420809140957054
20720230000,0,280,144.15324424796881,-37.420858140967574
20720230000,0,281,144.153377247941,-37.420907130976516
20720230000,0,282,144.153500257915,-37.42095414098481
20720230000,0,283,144.15356726790145,-37.42097414098929
20720230000,0,284,144.15358924789572,-37.42099314099084
20720230000,0,285,144.15362227788916,-37.42100213099303
20720230000,0,286,144.15365625788218,-37.42101314099531
20720230000,0,287,144.1537232678687,-37.4210321409998
20720230000,0,288,144.15383525784733,-37.42105313100719
20720230000,0,289,144.15406125780797,-37.42105811102193
20720230000,0,290,144.1541622977903,-37.42106113102852
20720230000,0,291,144.15443428774478,-37.421049121046124
20720230000,0,292,144.15458123772004,-37.42104412105565
20720230000,0,293,144.15478523768633,-37.42103112106882
20720230000,0,294,144.15496627765572,-37.42102612108057
20720230000,0,295,144.15514724762605,-37.42101212109224
20720230000,0,296,144.15548724756863,-37.4210021111143
20720230000,0,297,144.15566722753906,-37.420989121125906
20720230000,0,298,144.15596323749114,-37.42096012114498
20720230000,0,299,144.15613321746335,-37.42094611115594
20720230000,0,300,144.1562692174415,-37.42093111116469
20720230000,0,301,144.15643923741555,-37.42089910117555
20720230000,0,302,144.1565642073956,-37.420884101183574
20720230000,0,303,144.15669024737642,-37.42086011119162
20720230000,0,304,144.1567812073633,-37.42083509119738
20720230000,0,305,144.15691822734397,-37.420794101206035
20720230000,0,306,144.1570672173245,-37.420734101215345
20720230000,0,307,144.157205187306,-37.420683101224
20720230000,0,308,144.15740020728208,-37.42058910123612
20720230000,0,309,144.1575502272643,-37.42051110124537
20720230000,0,310,144.15766621725234,-37.42043311125243
20720230000,0,311,144.15774717724375,-37.42038110125737
20720230000,0,312,144.15782915723773,-37.42030209126221
20720230000,0,313,144.15792416723312,-37.420187091267664
20720230000,0,314,144.1579491672352,-37.4201251012689
20720230000,0,315,144.15798515723534,-37.42006311127086
20720230000,0,316,144.1580261872476,-37.41987409127235
20720230000,0,317,144.15807713725349,-37.41973111127478
20720230000,0,318,144.15817710726188,-37.41948110127972
20720230000,0,319,144.15823711726145,-37.41938410128302
20720230000,0,320,144.15827416726336,-37.419303091284924
20720230000,0,321,144.1583221272623,-37.419233101287595
20720230000,0,322,144.1583570872618,-37.419179081289535
20720230000,0,323,144.15839307726102,-37.419126081291544
20720230000,0,324,144.15845209725632,-37.41907308129507
20720230000,0,325,144.15853509724923,-37.41900308130003
20720230000,0,326,144.15870810723285,-37.41887208131046
20720230000,0,327,144.1587540972276,-37.418846081313276
20720230000,0,328,144.15884710721775,-37.418786091318964
20720230000,0,329,144.15892805720839,-37.418742081323956
20720230000,0,330,144.15898507720206,-37.41870807132746
20720230000,0,331,144.15900905719974,-37.418690071328896
20720230000,0,332,144.15913508718424,-37.41863008133671
20720230000,0,333,144.15919304717684,-37.41860508134034
20720230000,0,334,144.15931809715966,-37.4185630713482
20720230000,0,335,144.1593760571514,-37.41854609135187
20720230000,0,336,144.1594780771364,-37.41852108135835
20720230000,0,337,144.15961506711616,-37.41848907136705
20720230000,0,338,144.15964904711032,-37.41848907136926
20720230000,0,339,144.15971704710026,-37.41847309137359
20720230000,0,340,144.15978504708931,-37.41846608137797
20720230000,0,341,144.15986505707627,-37.41845908138312
20720230000,0,342,144.1599890770556,-37.41845309139116
20720230000,0,343,144.16011408703565,-37.41843809139919
20720230000,0,344,144.160227057016,-37.41844008140656
20720230000,0,345,144.1603060470013,-37.41845107141175
20720230000,0,346,144.16041806698175,-37.41845409141906
20720230000,0,347,144.1605310269602,-37.418475071426535
20720230000,0,348,144.16062005694283,-37.41849507143245
20720230000,0,349,144.1606670269342,-37.41850106143554
20720230000,0,350,144.16069903692815,-37.41850605143766
20720230000,0,351,144.1607990469071,-37.41854405144441
20720230000,0,352,144.16086606689262,-37.41857306144894
20720230000,0,353,144.1609880468649,-37.41863907145728
20720230000,0,354,144.16107703684574,-37.41867707146331
20720230000,0,355,144.16118704682103,-37.41873407147082
20720230000,0,356,144.1612870867972,-37.41879906147773
20720230000,0,357,144.16155306673878,-37.41892306149579
20720230000,0,358,144.16169705670725,-37.41898907150557
20720230000,0,359,144.16182006668126,-37.419037061513876
20720230000,0,360,144.16194306665707,-37.419067071522065
20720230000,0,361,144.16207705663095,-37.41909705153096
20720230000,0,362,144.16231306658608,-37.41913907154657
20720230000,0,363,144.1624141065675,-37.41915106155323
20720230000,0,364,144.16249407655366,-37.419152061558435
20720230000,0,365,144.16261809653196,-37.419156071566526
20720230000,0,366,144.16272004651515,-37.419149061573115
20720230000,0,367,144.1628450164961,-37.419125061581084
20720230000,0,368,144.1629480264819,-37.41909104158758
20720230000,0,369,144.16305102646848,-37.41904905159402
20720230000,0,370,144.163132016459,-37.419006031599025
20720230000,0,371,144.16317804645465,-37.41897105160181
20720230000,0,372,144.16323702644993,-37.4189180516053
20720230000,0,373,144.16328305644652,-37.41887404160802
20720230000,0,374,144.16337806644285,-37.41875005161342
20720230000,0,375,144.16342602643996,-37.418698051616225
20720230000,0,376,144.1635340364358,-37.41855704162238
20720230000,0,377,144.16364900642412,-37.41847805162936
20720230000,0,378,144.16370499641533,-37.41847003163295
20720230000,0,379,144.1637740164043,-37.418462041637405
20720230000,0,380,144.16381902639634,-37.41846404164034
20720230000,0,381,144.16387501638664,-37.418465041644
20720230000,0,382,144.163954036371,-37.41848504164925
20720230000,0,383,144.1640210163594,-37.41848604165361
20720230000,0,384,144.16411102634268,-37.418498041659554
20720230000,0,385,144.16417803633018,-37.41850805166397
20720230000,0,386,144.16434900630222,-37.41849405167499
20720230000,0,387,144.1644399962881,-37.41847904168082
20720230000,0,388,144.16449598627935,-37.41847105168442
20720230000,0,389,144.16454201627315,-37.41845405168731
20720230000,0,390,144.16463300626006,-37.41842904169307
20720230000,0,391,144.16471298624793,-37.41841304169817
20720230000,0,392,144.16478200623865,-37.41838804170251
20720230000,0,393,144.1648389762311,-37.41836605170608
20720230000,0,394,144.1649189862194,-37.41834605171116
20720230000,0,395,144.16499797620654,-37.41833904171625
20720230000,0,396,144.16505498619756,-37.41833104171991
20720230000,0,397,144.1651449561819,-37.41833302172577
20720230000,0,398,144.16523598616595,-37.41833602173172
20720230000,0,399,144.16530296615437,-37.41833702173609
20720230000,0,400,144.16538198613964,-37.41834803174129
20720230000,0,401,144.16544896612612,-37.418368031745786
20720230000,0,402,144.16552696610987,-37.41839602175102
20720230000,0,403,144.16556598610106,-37.418416031753694
20720230000,0,404,144.16560496609256,-37.418434031756334
20720230000,0,405,144.16574698605393,-37.41857302176645
20720230000,0,406,144.16580097603904,-37.418628021770296
20720230000,0,407,144.16584298602433,-37.41870103177348
20720230000,0,408,144.16590799600468,-37.41878402177823
20720230000,0,409,144.16595000598997,-37.41885702178141
20720230000,0,410,144.1659940259768,-37.41891202178462
20720230000,0,411,144.16605800595823,-37.41898602178925
20720230000,0,412,144.1662329859112,-37.419152021801665
20720230000,0,413,144.16638701587328,-37.419264021812374
20720230000,0,414,144.16648600584858,-37.41933902181929
20720230000,0,415,144.16658499582587,-37.419395021826084
20720230000,0,416,144.16667401580574,-37.41944202183216
20720230000,0,417,144.16677300578198,-37.419508031839015
20720230000,0,418,144.16687297576,-37.41955502184582
20720230000,0,419,144.1669620357399,-37.4196020318519
20720230000,0,420,144.1670289757242,-37.419643031856516
20720230000,0,421,144.16704000572187,-37.41964702185725
20720230000,0,422,144.167138005699,-37.419706021863995
20720230000,0,423,144.16722801567965,-37.419744021870095
20720230000,0,424,144.16733802565494,-37.4198010218776
20720230000,0,425,144.16744898563013,-37.41985702188518
20720230000,0,426,144.16754899560715,-37.419914031892034
20720230000,0,427,144.16764801558344,-37.419979021898875
20720230000,0,428,144.16774802556134,-37.42002703190568
20720230000,0,429,144.16802305549322,-37.42023101192486
20720230000,0,430,144.16808802547544,-37.420296001929486
20720230000,0,431,144.1681640154539,-37.42037901193495
20720230000,0,432,144.16820402544926,-37.42035700193742
20720230000,0,433,144.16824501544437,-37.420336001939944
20720230000,0,434,144.16826804544317,-37.42030901194128
20720230000,0,435,144.16836305543757,-37.4202040019468
20720230000,0,436,144.16842203543655,-37.420115001950094
20720230000,0,437,144.1684700354337,-37.4200620219529
20720230000,0,438,144.16862800543757,-37.419759001961275
20720230000,0,439,144.16868899543795,-37.41965300196459
20720230000,0,440,144.1687129754384,-37.41960801196586
20720230000,0,441,144.168724985439,-37.41958201196648
20720230000,0,442,144.16876199544,-37.41951001196845
20720230000,0,443,144.16880897543828,-37.419448001971126
20720230000,0,444,144.16883397543847,-37.41940401197248
20720230000,0,445,144.16884598543916,-37.419377001973075
20720230000,0,446,144.16887000543957,-37.41933300197437
20720230000,0,447,144.16892894543486,-37.41928000197789
20720230000,0,448,144.16902198542695,-37.41920101198344
20720230000,0,449,144.16907998542047,-37.419167001987006
20720230000,0,450,144.1691489754131,-37.41912301199122
20720230000,0,451,144.16926299539782,-37.41908100199838
20720230000,0,452,144.16942293537545,-37.41903101200847
20720230000,0,453,144.1695259453603,-37.41900600201503
20720230000,0,454,144.16963993534225,-37.418991012022346
20720230000,0,455,144.16974194532727,-37.418966002028824
20720230000,0,456,144.16984491531204,-37.41894199203538
20720230000,0,457,144.17000493528883,-37.41889999204554
20720230000,0,458,144.1701419552695,-37.418858982054196
20720230000,0,459,144.17029094524912,-37.41880799206357
20720230000,0,460,144.17041694523266,-37.41875699207145
20720230000,0,461,144.1704969152215,-37.41873199207651
20720230000,0,462,144.1705779052129,-37.418679992081444
20720230000,0,463,144.1706469352045,-37.41864599208573
20720230000,0,464,144.17074993519122,-37.41860299209217
20720230000,0,465,144.17094593516816,-37.418498992104276
20720230000,0,466,144.17103890515938,-37.41842898210989
20720230000,0,467,144.17109792515456,-37.41837698211341
20720230000,0,468,144.17117990514947,-37.41828899211819
20720230000,0,469,144.17125286514968,-37.41816399212217
20720230000,0,470,144.1713138951519,-37.418039982125364
20720230000,0,471,144.1713488651496,-37.418003982127416
20720230000,0,472,144.1713968651485,-37.4179339821301
20720230000,0,473,144.17142087514898,-37.41788899213138
20720230000,0,474,144.17146887514707,-37.417826992134124
20720230000,0,475,144.17152888514676,-37.41772898213741
20720230000,0,476,144.17157585514414,-37.41767600214015
20720230000,0,477,144.1716378651471,-37.417542982143345
20720230000,0,478,144.17167582515336,-37.41741798214505
20720230000,0,479,144.17169283515685,-37.41735497214576
20720230000,0,480,144.17171484515956,-37.41729197214679
20720230000,0,481,144.1717918251406,-37.41734797215216
20720230000,0,482,144.1718368351318,-37.41735796215516
20720230000,0,483,144.17187982512056,-37.41739596215818
20720230000,0,484,144.17191384511378,-37.417404972160455
20720230000,0,485,144.17194684510616,-37.417423972162716
20720230000,0,486,144.17199086509484,-37.41746097216581
20720230000,0,487,144.17204586508183,-37.417495972169625
20720230000,0,488,144.17216785505389,-37.41756396217797
20720230000,0,489,144.1721888350474,-37.41759197217952
20720230000,0,490,144.17224384503416,-37.41762897218333
20720230000,0,491,144.1722778650264,-37.417647972185655
20720230000,0,492,144.17233283501307,-37.417685972189474
20720230000,0,493,144.17237684500355,-37.41770497219247
20720230000,0,494,144.17249784497415,-37.417788982200854
20720230000,0,495,144.17255387496164,-37.41781697220468
20720230000,0,496,144.17263085494272,-37.417872972210034
20720230000,0,497,144.1726748349323,-37.41790097221307
20720230000,0,498,144.17270783492376,-37.4179289722154
20720230000,0,499,144.1728188649008,-37.41796696222286
20720230000,0,500,144.17290785488152,-37.4180059622289
20720230000,0,501,144.17299683486326,-37.418034972234864
20720230000,0,502,144.1730748348469,-37.41806398224013
20720230000,0,503,144.17317681482825,-37.418074972246835
20720230000,0,504,144.17324383481653,-37.41807697225121
20720230000,0,505,144.17334482479802,-37.41808797225785
20720230000,0,506,144.1734698447763,-37.41809097226601
20720230000,0,507,144.1737188447347,-37.41807896228214
20720230000,0,508,144.17385484471288,-37.41806398229089
20720230000,0,509,144.17397985469293,-37.41804897229894
20720230000,0,510,144.1741848446618,-37.41800896231204
20720230000,0,511,144.17429886464558,-37.41797596231925
20720230000,0,512,144.17436686463554,-37.417959952323585
20720230000,0,513,144.17443581462632,-37.41793394232791
20720230000,0,514,144.174561814609,-37.41789195233585
20720230000,0,515,144.17473281458473,-37.417841962346664
20720230000,0,516,144.17485881456736,-37.41779995235459
20720230000,0,517,144.17501882454502,-37.41774996236471
20720230000,0,518,144.17514478452765,-37.41770795237265
20720230000,0,519,144.1752818145084,-37.41766595238131
20720230000,0,520,144.17544179448512,-37.41762495239146
20720230000,0,521,144.1755897944649,-37.41757395240079
20720230000,0,522,144.17581080443514,-37.41749396241468
20720230000,0,523,144.1760027944086,-37.417430952426784
20720230000,0,524,144.17610579439528,-37.41738795243321
20720230000,0,525,144.17622077438077,-37.41733695244038
20720230000,0,526,144.1763127543703,-37.41728492244604
20720230000,0,527,144.1765097843497,-37.41715493245806
20720230000,0,528,144.17661475434164,-37.4170579324643
20720230000,0,529,144.17669673433468,-37.41698793246919
20720230000,0,530,144.17675575432986,-37.41693594247271
20720230000,0,531,144.17681375432625,-37.41687393247609
20720230000,0,532,144.17686175432345,-37.4168209324789
20720230000,0,533,144.17690872431987,-37.416776932481675
20720230000,0,534,144.17697774431343,-37.416723932485844
20720230000,0,535,144.17702472430975,-37.41668094248863
20720230000,0,536,144.17708370430597,-37.41661892249209
20720230000,0,537,144.1771537143003,-37.41655693249625
20720230000,0,538,144.17723572429335,-37.41648693250117
20720230000,0,539,144.17728171428905,-37.416451932503946
20720230000,0,540,144.17732770428276,-37.41643594250683
20720230000,0,541,144.17737373427846,-37.416400942509625
20720230000,0,542,144.17743169427115,-37.41637493251323
20720230000,0,543,144.17754572425494,-37.416341922520445
20720230000,0,544,144.17759171424785,-37.416333932523386
20720230000,0,545,144.17765971423793,-37.41631693252772
20720230000,0,546,144.17772771422696,-37.416309942532095
20720230000,0,547,144.1777947242143,-37.41632093253652
20720230000,0,548,144.17796372418312,-37.416341922547666
20720230000,0,549,144.17801971417055,-37.41637093255148
20720230000,0,550,144.1780977441551,-37.41639093255669
20720230000,0,551,144.17816370413897,-37.41643794256128
20720230000,0,552,144.17821473412863,-37.41645292256469
20720230000,0,553,144.1782857241131,-37.41648591256952
20720230000,0,554,144.1783527040987,-37.41651392257406
20720230000,0,555,144.17840869408622,-37.41654191257788
20720230000,0,556,144.17861969404206,-37.41661891259209
20720230000,0,557,144.17868671402854,-37.41663890259659
20720230000,0,558,144.178742744016,-37.41666691260042
20720230000,0,559,144.17877570400935,-37.416676922602626
20720230000,0,560,144.17887571398725,-37.416724912609425
20720230000,0,561,144.17890972398035,-37.41673492261171
20720230000,0,562,144.17894272397285,-37.41675292261397
20720230000,0,563,144.1790317139546,-37.41678191261993
20720230000,0,564,144.1790537239498,-37.41679192262144
20720230000,0,565,144.17915373392864,-37.41683092262819
20720230000,0,566,144.17925472390831,-37.41685991263493
20720230000,0,567,144.17934371389006,-37.416888912640914
20720230000,0,568,144.17945573386777,-37.4169189226484
20720230000,0,569,144.17956869384628,-37.41693892265589
20720230000,0,570,144.17963571383368,-37.41694991266031
20720230000,0,571,144.17973667381415,-37.416970912667026
20720230000,0,572,144.17986066379171,-37.41698191267516
20720230000,0,573,144.17997268377124,-37.416993922682536
20720230000,0,574,144.18007371375268,-37.41700591268919
20720230000,0,575,144.18019770373107,-37.417008902697276
20720230000,0,576,144.1803226737102,-37.417002912705385
20720230000,0,577,144.1804137136962,-37.4169869127112
20720230000,0,578,144.18051569368032,-37.416970912717744
20720230000,0,579,144.18059569366818,-37.41695492272287
20720230000,0,580,144.18072169365084,-37.4169128927308
20720230000,0,581,144.18082466363748,-37.41687089273725
20720230000,0,582,144.18095168362365,-37.41679290274503
20720230000,0,583,144.18116166360372,-37.41663489275771
20720230000,0,584,144.18120765359848,-37.41660890276056
20720230000,0,585,144.1813466535854,-37.41650389276895
20720230000,0,586,144.1814406335772,-37.416425902774584
20720230000,0,587,144.18163766355858,-37.41627690278649
20720230000,0,588,144.1816956635522,-37.41624189279006
20720230000,0,589,144.18176464354474,-37.41619890279427
20720230000,0,590,144.18185765353408,-37.416146902799994
20720230000,0,591,144.18194860352105,-37.416121902805784
20720230000,0,592,144.18206362350742,-37.41606189281289
20720230000,0,593,144.18215563349509,-37.416027892818676
20720230000,0,594,144.18228163347956,-37.4159678928265
20720230000,0,595,144.1823976334658,-37.41590790283369
20720230000,0,596,144.18252362344938,-37.415856892841575
20720230000,0,597,144.182615603438,-37.41581388284728
20720230000,0,598,144.18271861342376,-37.4157798828538
20720230000,0,599,144.18281059341226,-37.41573788285953
20720230000,0,600,144.18294757339396,-37.41568688286814
20720230000,0,601,144.18306160337784,-37.415652872875356
20720230000,0,602,144.18313058336764,-37.41563687287973
20720230000,0,603,144.18318760335868,-37.4156288828834
20720230000,0,604,144.18331159333704,-37.415631882891496
20720230000,0,605,144.18337860332443,-37.41564288289592
20720230000,0,606,144.18352559329887,-37.41564588290552
20720230000,0,607,144.18362658328118,-37.41564888291212
20720230000,0,608,144.18371761326625,-37.41564188291801
20720230000,0,609,144.18410258320196,-37.41562388294295
20720230000,0,610,144.18422661318039,-37.41562688295106
20720230000,0,611,144.18437359315564,-37.4156218929606
20720230000,0,612,144.18448656313603,-37.41562388296797
20720230000,0,613,144.18462256311327,-37.41561787297679
20720230000,0,614,144.18484853307567,-37.41560586299143
20720230000,0,615,144.18493956305983,-37.41560786299739
20720230000,0,616,144.18505253304104,-37.4156018530047
20720230000,0,617,144.18518754301752,-37.41560487301353
20720230000,0,618,144.1852025430214,-37.415541853014105
20720230000,0,619,144.1852145530258,-37.41547886301449
20720230000,0,620,144.18523955302598,-37.415434853015846
20720230000,0,621,144.18527653302786,-37.41535486301776
20720230000,0,622,144.18531255302716,-37.41530085301977
20720230000,0,623,144.1853365330276,-37.41525686302106
20720230000,0,624,144.18537256302773,-37.41519485302301
20720230000,0,625,144.18538453302844,-37.41516786302364
20720230000,0,626,144.18543249302652,-37.41510587302637
20720230000,0,627,144.1854675330241,-37.41507086302842
20720230000,0,628,144.18549151302278,-37.41504385302983
20720230000,0,629,144.18558353301225,-37.414991853035495
20720230000,0,630,144.18568752299964,-37.414940863041956
20720230000,0,631,144.1857215429946,-37.414932853044114
20720230000,0,632,144.1859045129711,-37.414855863055564
20720230000,0,633,144.1859505429649,-37.414838853058455
20720230000,0,634,144.1860305129528,-37.414822853063555
20720230000,0,635,144.18616753293261,-37.41478987307228
20720230000,0,636,144.1862465229207,-37.41477386307733
20720230000,0,637,144.18637153290075,-37.41475886308537
20720230000,0,638,144.18664349285606,-37.41473884310297
20720230000,0,639,144.18675649283742,-37.41473183311029
20720230000,0,640,144.1869265128096,-37.414717853121275
20720230000,0,641,144.18706251278687,-37.41471183313009
20720230000,0,642,144.18715350277094,-37.414714833136046
20720230000,0,643,144.1872204827584,-37.41472484314047
20720230000,0,644,144.18751350270549,-37.4147498331597
20720230000,0,645,144.18761450268693,-37.41476184316637
20720230000,0,646,144.1877495126625,-37.41477385317524
20720230000,0,647,144.1880534826068,-37.414807853195256
20720230000,0,648,144.18843648254008,-37.414816843220265
20720230000,0,649,144.18847148253488,-37.414808853222496
20720230000,0,650,144.18851649252798,-37.41480084322538
20720230000,0,651,144.1887214724978,-37.41475183323842
20720230000,0,652,144.18876746249163,-37.41473485324131
20720230000,0,653,144.18885944248117,-37.41468283324699
20720230000,0,654,144.18898745246716,-37.41460483325484
20720230000,0,655,144.18912545245223,-37.4145188232633
20720230000,0,656,144.18926547243896,-37.41441382327176
20720230000,0,657,144.189404462424,-37.414326833280285
20720230000,0,658,144.18948443241467,-37.41428382328521
20720230000,0,659,144.18958842240212,-37.41423181329167
20720230000,0,660,144.1896804023907,-37.4141888232974
20720230000,0,661,144.1897954123762,-37.41413782330458
20720230000,0,662,144.18987542236596,-37.41410381330957
20720230000,0,663,144.1900014523495,-37.41405283331748
20720230000,0,664,144.19003642234532,-37.41403483331964
20720230000,0,665,144.1901634423315,-37.41395683332743
20720230000,0,666,144.1902454623246,-37.413886833332334
20720230000,0,667,144.19031543231975,-37.41381682333646
20720230000,0,668,144.19037543231764,-37.41373683333987
20720230000,0,669,144.19050639231511,-37.41354180334718
20720230000,0,670,144.19054340231696,-37.4134618133491
20720230000,0,671,144.1905914023141,-37.4134088033519
20720230000,0,672,144.19065141231388,-37.4133108133552
20720230000,0,673,144.19070941231024,-37.4132488033586
20720230000,0,674,144.19074540230764,-37.41321380336071
20720230000,0,675,144.19080339230405,-37.41315180336411
20720230000,0,676,144.19086241230016,-37.41309081336757
20720230000,0,677,144.1909093922975,-37.41303781337031
20720230000,0,678,144.19093337229512,-37.41302080337176
20720230000,0,679,144.19095636229395,-37.41299379337309
20720230000,0,680,144.19099137229057,-37.41296780337521
20720230000,0,681,144.19102637228826,-37.41293180337727
20720230000,0,682,144.1910613822849,-37.41290581337939
20720230000,0,683,144.19111937227845,-37.412871803382956
20720230000,0,684,144.19121135226612,-37.41283780338873
20720230000,0,685,144.19126837225897,-37.4128118133923
20720230000,0,686,144.19142835223664,-37.412761803402404
20720230000,0,687,144.19150836222636,-37.41272780340741
20720230000,0,688,144.1916703822074,-37.41264080341743
20720230000,0,689,144.19175137219887,-37.41258881342239
20720230000,0,690,144.19185536218896,-37.412510803428674
20720230000,0,691,144.19203333218104,-37.412289783438894
20720230000,0,692,144.19208031217843,-37.41223679344162
20720230000,0,693,144.1921523221761,-37.412138783445705
20720230000,0,694,144.19221131217313,-37.412068783449115
20720230000,0,695,144.1922233221738,-37.41204178344972
20720230000,0,696,144.1922723021745,-37.41195278345237
20720230000,0,697,144.1923193121728,-37.41189079345505
20720230000,0,698,144.1923803021733,-37.411783783458354
20720230000,0,699,144.19242932217583,-37.41167678346088
20720230000,0,700,144.19246531217692,-37.41160578346279
20720230000,0,701,144.19256131217494,-37.41146379346815
20720230000,0,702,144.19259730217607,-37.41139279347006
20720230000,0,703,144.1926452921732,-37.411339783472854
20720230000,0,704,144.19266931217456,-37.41128678347409
20720230000,0,705,144.1927053021729,-37.41124279347617
20720230000,0,706,144.19272932217427,-37.41118879347738
20720230000,0,707,144.19274330217922,-37.41111678347785
20720230000,0,708,144.19275731218235,-37.41106278347843
20720230000,0,709,144.19278129218276,-37.41101879347971
20720230000,0,710,144.19279326218344,-37.41099178348032
20720230000,0,711,144.19279721219172,-37.410904403480046
20720230000,0,712,144.1944482119781,-37.41022177358339
20720230000,0,713,144.1961161916786,-37.41034874369289
20720230000,0,714,144.1961612317429,-37.409645743691456
20720230000,0,715,144.19630219180328,-37.40881975369551
20720230000,0,716,144.20102913093936,-37.409328694006845
20720230000,0,717,144.20073118081018,-37.411088703998374
20720230000,0,718,144.2007551907822,-37.4113217140014
20720230000,0,719,144.19977320091158,-37.41170473393976
20720230000,0,720,144.19896910104538,-37.411746783887594
20720230000,0,721,144.19825611113404,-37.41207679384317
20720230000,0,722,144.197346091218,-37.41278278378823
20720230000,0,723,144.19670311127487,-37.413305783749585
20720230000,0,724,144.1959861013497,-37.413777793705776
20720230000,0,725,144.1947141114999,-37.414443793627015
20720230000,0,726,144.19289411171863,-37.41536078351411
20720230000,0,727,144.19175009184573,-37.41603878344378
20720230000,0,728,144.19079310195542,-37.41657279338475
20720230000,0,729,144.1898470920776,-37.41696678332555
20720230000,0,730,144.1894181121267,-37.4172067832991
20720230000,0,731,144.18911611214858,-37.41749978328125
20720230000,0,732,144.18875713216798,-37.41791278326044
20720230000,0,733,144.18839611219678,-37.41823679323893
20720230000,0,734,144.18802312221993,-37.418636783217124
20720230000,0,735,144.18767012219607,-37.41946178319925
20720230000,0,736,144.18747109218785,-37.41987578318888
20720230000,0,737,144.18713511221182,-37.42020578316904
20720230000,0,738,144.18599613234647,-37.420801773098546
20720230000,0,739,144.1857590923658,-37.421010793084406
20720230000,0,740,144.18545111238984,-37.42129278306611
20720230000,0,741,144.18464011252487,-37.42133478301354
20720230000,0,742,144.1842661025883,-37.42134279298923
20720230000,0,743,144.18414813260338,-37.42139377298187
20720230000,0,744,144.18395910261864,-37.421561772970605
20720230000,0,745,144.18380310261782,-37.421831782962116
20720230000,0,746,144.18355712262814,-37.42214378294804
20720230000,0,747,144.18282311272552,-37.422424782901984
20720230000,0,748,144.18213110283335,-37.42253278285759
20720230000,0,749,144.1819501028609,-37.42256778284602
20720230000,0,750,144.1816381028882,-37.4228247928273
20720230000,0,751,144.18090113296333,-37.42332778278243
20720230000,0,752,144.180209123071,-37.42343778273806
20720230000,0,753,144.17938711322782,-37.42328579268358
20720230000,0,754,144.17877810337106,-37.422908782641585
20720230000,0,755,144.1784251134527,-37.42270378261732
20720230000,0,756,144.17832014347175,-37.42269379261043
20720230000,0,757,144.17782910352042,-37.42304277258063
20720230000,0,758,144.17747911358475,-37.42300178255758
20720230000,0,759,144.1766981237325,-37.42286978250591
20720230000,0,760,144.17634312379298,-37.422874772482835
20720230000,0,761,144.17574047386,-37.42323166244582
20720230000,0,762,144.17501225392095,-37.42385914240232
20720230000,0,763,144.17482337390467,-37.424335262392994
20720230000,0,764,144.174858303842,-37.42488907239871
20720230000,0,765,144.17522636370475,-37.42561200242717
20720230000,0,766,144.17546810360798,-37.42615179244626
20720230000,0,767,144.17551453352732,-37.42686132245371
20720230000,0,768,144.17529214343583,-37.42812877244712
20720230000,0,769,144.17510920337398,-37.42904019244088
20720230000,0,770,144.17484611331895,-37.43001979242987
20720230000,0,771,144.17479522325135,-37.430765872431195
20720230000,0,772,144.1747151132267,-37.43114078242832
20720230000,0,773,144.17429109321426,-37.4319747824059
20720230000,0,774,144.1740278832,-37.43255593239238
20720230000,0,775,144.17398211317172,-37.4329087923916
20720230000,0,776,144.173856123163,-37.43320578238524
20720230000,0,777,144.17357609314593,-37.43384278237098
20720230000,0,778,144.1738179429803,-37.43505508239427
20720230000,0,779,144.1738414829205,-37.435599702399195
20720230000,0,780,144.17393945285863,-37.436039022408316
20720240000,0,0,144.17393945285863,-37.436039022408316
20720240000,0,1,144.1738414829205,-37.435599702399195
20720240000,0,2,144.1738179429803,-37.43505508239427
20720240000,0,3,144.17357609314593,-37.43384278237098
20720240000,0,4,144.173856123163,-37.43320578238524
20720240000,0,5,144.17398211317172,-37.4329087923916
20720240000,0,6,144.1740278832,-37.43255593239238
20720240000,0,7,144.17429109321426,-37.4319747824059
20720240000,0,8,144.1747151132267,-37.43114078242832
20720240000,0,9,144.17479522325135,-37.430765872431195
20720240000,0,10,144.17484611331895,-37.43001979242987
20720240000,0,11,144.17510920337398,-37.42904019244088
20720240000,0,12,144.17529214343583,-37.42812877244712
20720240000,0,13,144.17551453352732,-37.42686132245371
20720240000,0,14,144.17546810360798,-37.42615179244626
20720240000,0,15,144.17522636370475,-37.42561200242717
20720240000,0,16,144.174858303842,-37.42488907239871
20720240000,0,17,144.17482337390467,-37.424335262392994
20720240000,0,18,144.17501225392095,-37.42385914240232
20720240000,0,19,144.17574047386,-37.42323166244582
20720240000,0,20,144.17634312379298,-37.422874772482835
20720240000,0,21,144.1766981237325,-37.42286978250591
20720240000,0,22,144.17747911358475,-37.42300178255758
20720240000,0,23,144.17782910352042,-37.42304277258063
20720240000,0,24,144.17832014347175,-37.42269379261043
20720240000,0,25,144.1784251134527,-37.42270378261732
20720240000,0,26,144.17877810337106,-37.422908782641585
20720240000,0,27,144.17938711322782,-37.42328579268358
20720240000,0,28,144.180209123071,-37.42343778273806
20720240000,0,29,144.18090113296333,-37.42332778278243
20720240000,0,30,144.1816381028882,-37.4228247928273
20720240000,0,31,144.1819501028609,-37.42256778284602
20720240000,0,32,144.18213110283335,-37.42253278285759
20720240000,0,33,144.18282311272552,-37.422424782901984
20720240000,0,34,144.18355712262814,-37.42214378294804
20720240000,0,35,144.18380310261782,-37.421831782962116
20720240000,0,36,144.18395910261864,-37.421561772970605
20720240000,0,37,144.18414813260338,-37.42139377298187
20720240000,0,38,144.1842661025883,-37.42134279298923
20720240000,0,39,144.18464011252487,-37.42133478301354
20720240000,0,40,144.18545111238984,-37.42129278306611
20720240000,0,41,144.1857590923658,-37.421010793084406
20720240000,0,42,144.18599613234647,-37.420801773098546
20720240000,0,43,144.18713511221182,-37.42020578316904
20720240000,0,44,144.18747109218785,-37.41987578318888
20720240000,0,45,144.18767012219607,-37.41946178319925
20720240000,0,46,144.18802312221993,-37.418636783217124
20720240000,0,47,144.18839611219678,-37.41823679323893
20720240000,0,48,144.18875713216798,-37.41791278326044
20720240000,0,49,144.18911611214858,-37.41749978328125
20720240000,0,50,144.1894181121267,-37.4172067832991
20720240000,0,51,144.1898470920776,-37.41696678332555
20720240000,0,52,144.19079310195542,-37.41657279338475
20720240000,0,53,144.19175009184573,-37.41603878344378
20720240000,0,54,144.19289411171863,-37.41536078351411
20720240000,0,55,144.1947141114999,-37.414443793627015
20720240000,0,56,144.1959861013497,-37.413777793705776
20720240000,0,57,144.19670311127487,-37.413305783749585
20720240000,0,58,144.197346091218,-37.41278278378823
20720240000,0,59,144.19825611113404,-37.41207679384317
20720240000,0,60,144.19896910104538,-37.411746783887594
20720240000,0,61,144.19977320091158,-37.41170473393976
20720240000,0,62,144.19957321083788,-37.41275933393329
20720240000,0,63,144.19812533034184,-37.42002687388416
20720240000,0,64,144.19811051033525,-37.42011613388375
20720240000,0,65,144.2074364086156,-37.421260704499026
20720240000,0,66,144.21410433738365,-37.422102664939324
20720240000,0,67,144.21979628633954,-37.42274760531485
20720240000,0,68,144.22562022526648,-37.42345356569952
20720240000,0,69,144.22703215577914,-37.416097765745896
20720240000,0,70,144.22950466531753,-37.41645718590964
20720240000,0,71,144.23467824442304,-37.41651486624801
20720240000,0,72,144.2350547843367,-37.41672600627392
20720240000,0,73,144.23678889399426,-37.41716042638994
20720240000,0,74,144.23710316394084,-37.417154576410454
20720240000,0,75,144.24317347230573,-37.42292008684314
20720240000,0,76,144.24810550103783,-37.42701130719114
20720240000,0,77,144.2507587204099,-37.42868442737508
20720240000,0,78,144.25146073029617,-37.42861741742059
20720240000,0,79,144.25413463986288,-37.42836339759393
20720240000,0,80,144.25439265982124,-37.42833740761065
20720240000,0,81,144.2546486397802,-37.4283083976272
20720240000,0,82,144.25481959975315,-37.42828639763826
20720240000,0,83,144.25504659971722,-37.42825639765292
20720240000,0,84,144.25534862966984,-37.42821238767241
20720240000,0,85,144.2555216096428,-37.42818638768356
20720240000,0,86,144.25571859961212,-37.42815538769625
20720240000,0,87,144.25620057953756,-37.428075387727304
20720240000,0,88,144.25727553937222,-37.42788739779647
20720240000,0,89,144.25772255930337,-37.427810357825244
20720240000,0,90,144.25821654922674,-37.427730367857066
20720240000,0,91,144.2584885491843,-37.4276883678746
20720240000,0,92,144.26014644892467,-37.42744335798157
20720240000,0,93,144.2607004788374,-37.427366338017364
20720240000,0,94,144.26101645878757,-37.42732334803777
20720240000,0,95,144.2613784287302,-37.427276358061164
20720240000,0,96,144.26179244866432,-37.42722534808796
20720240000,0,97,144.26201341862907,-37.42719931810225
20720240000,0,98,144.2622484485915,-37.427172328117464
20720240000,0,99,144.2627683885076,-37.42711932815118
20720240000,0,100,144.26305439846112,-37.42709333816973
20720240000,0,101,144.2633593984114,-37.42706732818954
20720240000,0,102,144.26350736838705,-37.42705733819916
20720240000,0,103,144.26365438836257,-37.42704932820874
20720240000,0,104,144.26375238834618,-37.427045328215115
20720240000,0,105,144.2638833883241,-37.427041328223666
20720240000,0,106,144.26405939829402,-37.42703933823518
20720240000,0,107,144.26415936827684,-37.42703931824172
20720240000,0,108,144.26427437825703,-37.42704031824926
20720240000,0,109,144.2644053782342,-37.42704330825786
20720240000,0,110,144.2645553882079,-37.427048308267715
20720240000,0,111,144.26472737817755,-37.42705631827902
20720240000,0,112,144.26492334814264,-37.42706830829193
20720240000,0,113,144.26514734810252,-37.42708430830668
20720240000,0,114,144.26539532805768,-37.427106308323054
20720240000,0,115,144.26553034803297,-37.42712030833199
20720240000,0,116,144.26583033797806,-37.427153318351834
20720240000,0,117,144.2661693479154,-37.427196308374285
20720240000,0,118,144.26655336784387,-37.42725030839977
20720240000,0,119,144.26676535780425,-37.42728131841385
20720240000,0,120,144.26870532744053,-37.42757729854273
20720240000,0,121,144.2658412073338,-37.433393288391414
20720240000,0,122,144.26551055719023,-37.4353396383819
20720240000,0,123,144.26445172677768,-37.44111359834854
20720240000,0,124,144.2640325966047,-37.44349317833591
20720240000,0,125,144.2635362764098,-37.44621393832037
20720240000,0,126,144.26353908640274,-37.44627777832095
20720240000,0,127,144.17393945285863,-37.436039022408316
20720250000,0,0,144.3176791616168,-37.40250458159831
20720250000,0,1,144.3182621014994,-37.40267258163764
20720250000,0,2,144.31833412148512,-37.40269158164249
20720250000,0,3,144.31847713145697,-37.40272658165209
20720250000,0,4,144.31876613140037,-37.402794571671514
20720250000,0,5,144.3188481513841,-37.402815571677024
20720250000,0,6,144.31894210136528,-37.40284158168337
20720250000,0,7,144.31904908134365,-37.40287356169059
20720250000,0,8,144.31910609133195,-37.402892581694445
20720250000,0,9,144.31916208132014,-37.402913581698265
20720250000,0,10,144.31921610130848,-37.40293657170195
20720250000,0,11,144.31929611129067,-37.402976571707455
20720250000,0,12,144.31935408127717,-37.40301058171147
20720250000,0,13,144.31942109126103,-37.40305557171616
20720250000,0,14,144.31946011125135,-37.40308458171889
20720250000,0,15,144.31950310124034,-37.403119581721946
20720250000,0,16,144.31955008122807,-37.403160571725294
20720250000,0,17,144.31960209121397,-37.40321058172901
20720250000,0,18,144.31968608119004,-37.40330256173511
20720250000,0,19,144.31971612118122,-37.40333856173731
20720250000,0,20,144.31974711117186,-37.40337756173959
20720250000,0,21,144.31977912116204,-37.40341957174195
20720250000,0,22,144.3198121111516,-37.403465561744405
20720250000,0,23,144.31984610114063,-37.403515571746944
20720250000,0,24,144.3198820811289,-37.40356957174965
20720250000,0,25,144.31991913111654,-37.40362757175246
20720250000,0,26,144.32000210108856,-37.403760571758724
20720250000,0,27,144.3200940710569,-37.40391458176572
20720250000,0,28,144.32014412104004,-37.4039945717695
20720250000,0,29,144.3201981010221,-37.40407858177359
20720250000,0,30,144.32029709098995,-37.40422558178101
20720250000,0,31,144.3203331109776,-37.40428558178374
20720250000,0,32,144.32035512096957,-37.40432657178545
20720250000,0,33,144.32038210095925,-37.40438157178755
20720250000,0,34,144.32041513094606,-37.40445457179019
20720250000,0,35,144.32043309093854,-37.404497571791644
20720250000,0,36,144.32045210093023,-37.40454657179319
20720250000,0,37,144.32049211091078,-37.40466858179657
20720250000,0,38,144.32051408089924,-37.404743581798485
20720250000,0,39,144.32053810088613,-37.404830571800616
20720250000,0,40,144.32059712085206,-37.40506258180593
20720250000,0,41,144.3206321208323,-37.40519557180907
20720250000,0,42,144.32065212082156,-37.40526658181083
20720250000,0,43,144.32067516080988,-37.4053415818128
20720250000,0,44,144.3207031507968,-37.40542157181513
20720250000,0,45,144.32073516078265,-37.40550558181776
20720250000,0,46,144.32077411076688,-37.405593581820874
20720250000,0,47,144.32079615075835,-37.405639571822604
20720250000,0,48,144.32082112074932,-37.40568556182453
20720250000,0,49,144.32084911073957,-37.40573357182667
20720250000,0,50,144.32088014072917,-37.40578258182902
20720250000,0,51,144.32091412071816,-37.40583256183156
20720250000,0,52,144.3209521507064,-37.40588357183437
20720250000,0,53,144.3209941306938,-37.40593557183745
20720250000,0,54,144.3210421306802,-37.40598758184093
20720250000,0,55,144.32109516066552,-37.406041581844754
20720250000,0,56,144.32115411064984,-37.406095581848966
20720250000,0,57,144.32119411063957,-37.4061285618518
20720250000,0,58,144.3212351406293,-37.406159571854694
20720250000,0,59,144.32126313062247,-37.406179571856654
20720250000,0,60,144.32130113061336,-37.406204581859306
20720250000,0,61,144.32135314060125,-37.40623557186291
20720250000,0,62,144.32141811058656,-37.40626957186739
20720250000,0,63,144.32145812057772,-37.406288571870135
20720250000,0,64,144.3215051305676,-37.40630857187336
20720250000,0,65,144.3215601305561,-37.406328571877104
20720250000,0,66,144.32162313054312,-37.40634957188137
20720250000,0,67,144.32165712053626,-37.40635957188366
20720250000,0,68,144.32173314052136,-37.40637758188876
20720250000,0,69,144.3217751605133,-37.40638557189158
20720250000,0,70,144.32186914049572,-37.406399571897836
20720250000,0,71,144.32192108048633,-37.406404571901284
20720250000,0,72,144.3219771104764,-37.406407581904986
20720250000,0,73,144.3220370804659,-37.40640958190893
20720250000,0,74,144.3221180704522,-37.40640758191424
20720250000,0,75,144.32219910043864,-37.40640457191955
20720250000,0,76,144.3223241204184,-37.40639256192769
20720250000,0,77,144.322473110395,-37.40637156193735
20720250000,0,78,144.32253512038548,-37.406360561941355
20720250000,0,79,144.32260608037475,-37.40634655194594
20720250000,0,80,144.32268609036288,-37.40632855195108
20720250000,0,81,144.32277810034938,-37.40630655195698
20720250000,0,82,144.32288311033415,-37.4062795619637
20720250000,0,83,144.3237191102161,-37.40603353201711
20720250000,0,84,144.32383113019984,-37.40600454202429
20720250000,0,85,144.32395005018248,-37.40597553203192
20720250000,0,86,144.32401206017315,-37.405962532035915
20720250000,0,87,144.32407608016348,-37.40594954204004
20720250000,0,88,144.3242110901426,-37.40592754204878
20720250000,0,89,144.32428205013133,-37.405918532053384
20720250000,0,90,144.32435508011966,-37.40591054205813
20720250000,0,91,144.32443108010725,-37.40590453206309
20720250000,0,92,144.32455708008635,-37.405897542071315
20720250000,0,93,144.32468406006515,-37.405891542079615
20720250000,0,94,144.32476907005076,-37.405889552085206
20720250000,0,95,144.3249470800203,-37.4058885120969
20720250000,0,96,144.32510709999212,-37.40589552210745
20720250000,0,97,144.3252050599745,-37.405903512113944
20720250000,0,98,144.32531305995465,-37.40591652212112
20720250000,0,99,144.32537208994356,-37.405925512125044
20720250000,0,100,144.32543606993147,-37.40593652212933
20720250000,0,101,144.32557706990394,-37.405968522138785
20720250000,0,102,144.32569006988138,-37.40599951214641
20720250000,0,103,144.3258040598584,-37.406032512154106
20720250000,0,104,144.32587906984304,-37.40605653215919
20720250000,0,105,144.32597805982257,-37.4060905121659
20720250000,0,106,144.3260340498108,-37.406111532169724
20720250000,0,107,144.3261680797822,-37.40616551217886
20720250000,0,108,144.3262460397651,-37.40620151218422
20720250000,0,109,144.32632907974642,-37.40624452218994
20720250000,0,110,144.32637207973653,-37.4062685221929
20720250000,0,111,144.32641805972588,-37.4062955121961
20720250000,0,112,144.32646408971488,-37.4063255221993
20720250000,0,113,144.32651208970313,-37.40635952220268
20720250000,0,114,144.32655906969123,-37.406396522206
20720250000,0,115,144.32660709967877,-37.406437522209416
20720250000,0,116,144.32663005967257,-37.40645951221104
20720250000,0,117,144.32665304966613,-37.40648352221272
20720250000,0,118,144.32669706965333,-37.40653451221593
20720250000,0,119,144.32671805964682,-37.406562522217484
20720250000,0,120,144.3267380596404,-37.406591512218974
20720250000,0,121,144.32675707963392,-37.40662252222041
20720250000,0,122,144.32677404962752,-37.406656522221745
20720250000,0,123,144.32679006962113,-37.406691522223014
20720250000,0,124,144.32680408961488,-37.406728522224185
20720250000,0,125,144.32683908959734,-37.40684052222718
20720250000,0,126,144.3268710695802,-37.40695352222998
20720250000,0,127,144.32688905956937,-37.407028522231634
20720250000,0,128,144.3269110695551,-37.407129532233704
20720250000,0,129,144.32693705953685,-37.407263522236256
20720250000,0,130,144.32696307951534,-37.40742852223899
20720250000,0,131,144.32699005948837,-37.40764451224211
20720250000,0,132,144.3270750693784,-37.408568512253446
20720250000,0,133,144.3271090793463,-37.40882252225727
20720250000,0,134,144.32713309932785,-37.40896154225972
20720250000,0,135,144.3272051192501,-37.40959454226839
20720250000,0,136,144.32721310924438,-37.40963653226918
20720250000,0,137,144.32722409923784,-37.40968153227019
20720250000,0,138,144.32723708923075,-37.409728542271345
20720250000,0,139,144.32725409922259,-37.40977954227277
20720250000,0,140,144.3272761092133,-37.40983254227454
20720250000,0,141,144.32730209920297,-37.4098895422766
20720250000,0,142,144.3273351291912,-37.40994854227915
20720250000,0,143,144.32735512918458,-37.40997954228067
20720250000,0,144,144.32737709917748,-37.41001153228229
20720250000,0,145,144.32739709917138,-37.41003754228378
20720250000,0,146,144.32741808916538,-37.410060542285294
20720250000,0,147,144.3274340791611,-37.41007554228644
20720250000,0,148,144.32745608915536,-37.41009454228802
20720250000,0,149,144.32748710914768,-37.4101175422902
20720250000,0,150,144.32750608914318,-37.41012954229151
20720250000,0,151,144.32752809913805,-37.410142532293044
20720250000,0,152,144.3275860991252,-37.41017054229703
20720250000,0,153,144.32762310911738,-37.410184542299554
20720250000,0,154,144.32766712910833,-37.410199532302535
20720250000,0,155,144.32771910909793,-37.410213532306045
20720250000,0,156,144.32778108908587,-37.41022754231019
20720250000,0,157,144.3278511290727,-37.41023852231488
20720250000,0,158,144.32788908906565,-37.4102435223174
20720250000,0,159,144.32793109905805,-37.410247522320184
20720250000,0,160,144.32802409904147,-37.41025351232634
20720250000,0,161,144.32807410903266,-37.41025553232963
20720250000,0,162,144.32812710902346,-37.410256532333115
20720250000,0,163,144.3282410890039,-37.41025653234062
20720250000,0,164,144.3283951189779,-37.41025251235071
20720250000,0,165,144.32854907895208,-37.410246522360794
20720250000,0,166,144.328652118935,-37.41024052236754
20720250000,0,167,144.32879008891223,-37.41023151237655
20720250000,0,168,144.3289730988823,-37.41021751238848
20720250000,0,169,144.3290780788652,-37.41020852239534
20720250000,0,170,144.32919808884589,-37.41019651240314
20720250000,0,171,144.3293351088239,-37.410181512412045
20720250000,0,172,144.32949209879894,-37.41016249242226
20720250000,0,173,144.32967108877057,-37.41013949243386
20720250000,0,174,144.32987508873867,-37.41010951244711
20720250000,0,175,144.33010707870267,-37.41007251246212
20720250000,0,176,144.3303600686638,-37.410028492478475
20720250000,0,177,144.33064706862012,-37.40997449249701
20720250000,0,178,144.33096906857168,-37.40990848251776
20720250000,0,179,144.33114408854547,-37.40987148252903
20720250000,0,180,144.33132804851826,-37.40982947254086
20720250000,0,181,144.33143505850254,-37.40980348254774
20720250000,0,182,144.33154101848737,-37.409774492554526
20720250000,0,183,144.33161204847733,-37.40975347255906
20720250000,0,184,144.33170603846432,-37.409723492565064
20720250000,0,185,144.33190101843806,-37.40965348257743
20720250000,0,186,144.33198102842755,-37.40962248258251
20720250000,0,187,144.3321780184021,-37.409541462594945
20720250000,0,188,144.33229704838706,-37.40948946260246
20720250000,0,189,144.33243402836996,-37.40942747261108
20720250000,0,190,144.33279501832524,-37.40926047263376
20720250000,0,191,144.3331110282859,-37.40911646265364
20720250000,0,192,144.33322801827111,-37.40906546266101
20720250000,0,193,144.33335298825514,-37.409012442668896
20720250000,0,194,144.3334870182376,-37.40895944267739
20720250000,0,195,144.33355600822844,-37.40893344268175
20720250000,0,196,144.33362801821875,-37.40890745268633
20720250000,0,197,144.33370200820866,-37.40888244269104
20720250000,0,198,144.33385698818722,-37.408832452700906
20720250000,0,199,144.33402396816314,-37.408788442711625
20720250000,0,200,144.3341119681501,-37.40876844271728
20720250000,0,201,144.33420296813637,-37.40875044272316
20720250000,0,202,144.33429695812174,-37.40873544272924
20720250000,0,203,144.33433899811496,-37.40873144273198
20720250000,0,204,144.33438097810793,-37.408729442734725
20720250000,0,205,144.33444696809653,-37.40873044273907
20720250000,0,206,144.33449795808727,-37.40873544274246
20720250000,0,207,144.33452697808187,-37.40873945274438
20720250000,0,208,144.33455996807558,-37.40874545274659
20720250000,0,209,144.33464096805963,-37.40876544275204
20720250000,0,210,144.3346909680494,-37.40878143275543
20720250000,0,211,144.3347469980376,-37.40880242275926
20720250000,0,212,144.33480897802409,-37.40883042276351
20720250000,0,213,144.33487897800845,-37.408865422768315
20720250000,0,214,144.33491697799968,-37.40888743277096
20720250000,0,215,144.33495796799005,-37.4089124327738
20720250000,0,216,144.33500096797988,-37.408939422776804
20720250000,0,217,144.33504698796875,-37.40897042278003
20720250000,0,218,144.335093967957,-37.40900643278334
20720250000,0,219,144.33513896794554,-37.409042432786514
20720250000,0,220,144.33516594793844,-37.40906642278844
20720250000,0,221,144.33520098792903,-37.40909942279096
20720250000,0,222,144.33524397791697,-37.40914442279406
20720250000,0,223,144.33526697791032,-37.40917043279574
20720250000,0,224,144.33529197790295,-37.40920042279757
20720250000,0,225,144.3353179678949,-37.40923542279949
20720250000,0,226,144.33534596788581,-37.40927643280159
20720250000,0,227,144.3353749778761,-37.40932242280378
20720250000,0,228,144.33540395786545,-37.409377422806024
20720250000,0,229,144.3354339678538,-37.4094404228084
20720250000,0,230,144.33544797784788,-37.409474422809524
20720250000,0,231,144.33546195784166,-37.409511422810674
20720250000,0,232,144.3354890078286,-37.409592432812964
20720250000,0,233,144.33550199782175,-37.4096374228141
20720250000,0,234,144.3355259778072,-37.40973843281631
20720250000,0,235,144.33553700779953,-37.409794432817385
20720250000,0,236,144.33559397775377,-37.41014242282329
20720250000,0,237,144.33560897774282,-37.41022343282479
20720250000,0,238,144.33562701773096,-37.4103084228265
20720250000,0,239,144.3356379977246,-37.4103514328275
20720250000,0,240,144.33566500771067,-37.410441432829835
20720250000,0,241,144.33570001769516,-37.410533432832715
20720250000,0,242,144.33572300768637,-37.410580422834514
20720250000,0,243,144.33574800767724,-37.41062743283645
20720250000,0,244,144.33577797766708,-37.41067542283872
20720250000,0,245,144.33581199765632,-37.410723432841266
20720250000,0,246,144.33585199764448,-37.410771422844185
20720250000,0,247,144.3358740076382,-37.41079543284579
20720250000,0,248,144.33589798763165,-37.41081943284751
20720250000,0,249,144.3365670374507,-37.411459432895505
20720250000,0,250,144.33679205739006,-37.41167242291163
20720250000,0,251,144.33709401730897,-37.41195542293325
20720250000,0,252,144.33726903726227,-37.41211642294576
20720250000,0,253,144.33746902720907,-37.412299422960054
20720250000,0,254,144.33769904714796,-37.41250842297649
20720250000,0,255,144.33796600707765,-37.41274542299552
20720250000,0,256,144.33810904704015,-37.41287043300569
20720250000,0,257,144.338263047,-37.413003423016676
20720250000,0,258,144.33842805695713,-37.4131444330284
20720250000,0,259,144.33860606691104,-37.413294433041045
20720250000,0,260,144.33879805686175,-37.413452403054656
20720250000,0,261,144.33900406680903,-37.41362040306924
20720250000,0,262,144.33922707675256,-37.41379641308502
20720250000,0,263,144.33946805669197,-37.41398241310202
20720250000,0,264,144.33972406662807,-37.41417540312006
20720250000,0,265,144.34009508653628,-37.41444740314616
20720250000,0,266,144.34033003647798,-37.4146214231627
20720250000,0,267,144.3407970563618,-37.41496940319559
20720250000,0,268,144.34128805624033,-37.41532941323013
20720250000,0,269,144.3414950761896,-37.41547639324467
20720250000,0,270,144.34173309613158,-37.415642393261365
20720250000,0,271,144.34186011610078,-37.41572938327026
20720250000,0,272,144.34199808606758,-37.415821383279905
20720250000,0,273,144.34214609603217,-37.41591839329025
20720250000,0,274,144.34230607599412,-37.41602039330142
20720250000,0,275,144.34247809595354,-37.416127393313396
20720250000,0,276,144.3426641059101,-37.416238393326324
20720250000,0,277,144.3427610858877,-37.416294393333054
20720250000,0,278,144.34296712584032,-37.41641038334734
20720250000,0,279,144.3457230952115,-37.41791638353805
20720250000,0,280,144.34323923530187,-37.42116540339488
20720250000,0,281,144.3420622155639,-37.42058543331384
20720250000,0,282,144.3420534155602,-37.42063595331357
20720250000,0,283,144.3068390612438,-37.42414979102146
20720250000,0,284,144.30687611122866,-37.424234791024425
20720250000,0,285,144.30548809142718,-37.42462079093572
20720250000,0,286,144.30539107139538,-37.42509079093229
20720250000,0,287,144.3061800911741,-37.42592179098924
20720250000,0,288,144.30604512108334,-37.42702580098728
20720250000,0,289,144.30572308109987,-37.427401790968474
20720250000,0,290,144.30632909091705,-37.42816478101302
20720250000,0,291,144.30578911083774,-37.42983178098796
20720250000,0,292,144.30488708079835,-37.43171479094049
20720250000,0,293,144.30423410084725,-37.43232778090145
20720250000,0,294,144.3040330907879,-37.43323780089392
20720250000,0,295,144.30339909077782,-37.43439079085951
20720250000,0,296,144.30031907109966,-37.436399780669916
20720250000,0,297,144.29933711126944,-37.436389790605425
20720250000,0,298,144.29796409153894,-37.43606379051331
20720250000,0,299,144.29805103153166,-37.43599012051856
20720250000,0,300,144.29707601199175,-37.43315409043693
20720250000,0,301,144.29679700203081,-37.43324011041914
20720250000,0,302,144.29654500214002,-37.43260108039864
20720250000,0,303,144.2951079627614,-37.428970090281766
20720250000,0,304,144.29765289239108,-37.428322050444656
20720250000,0,305,144.2980868823671,-37.42783204047008
20720250000,0,306,144.2999368820284,-37.428035030592724
20720250000,0,307,144.30047682222997,-37.42518197061037
20720250000,0,308,144.30135180214776,-37.42452197066367
20720250000,0,309,144.3015047721331,-37.424409970673
20720250000,0,310,144.30166077211774,-37.42429897068254
20720250000,0,311,144.3017657821071,-37.42422697068899
20720250000,0,312,144.3019077720925,-37.424131950697706
20720250000,0,313,144.30209877207258,-37.42400695070946
20720250000,0,314,144.3023358020474,-37.42385695072409
20720250000,0,315,144.30248078203178,-37.42376695073305
20720250000,0,316,144.30365977190255,-37.42305692080598
20720250000,0,317,144.30381577188567,-37.422960920815626
20720250000,0,318,144.3039807518681,-37.42285691082581
20720250000,0,319,144.30415573184968,-37.42274391083657
20720250000,0,320,144.30433973183068,-37.42262191084791
20720250000,0,321,144.30460873180337,-37.42243891086442
20720250000,0,322,144.30487672177645,-37.42225389088085
20720250000,0,323,144.30505370175882,-37.42212988089169
20720250000,0,324,144.30528770173586,-37.421962880906
20720250000,0,325,144.30541969172324,-37.42186589091406
20720250000,0,326,144.305569671709,-37.42175389092321
20720250000,0,327,144.3057386616933,-37.4216248909335
20720250000,0,328,144.305929671676,-37.421474870945104
20720250000,0,329,144.30602968166707,-37.42139488095116
20720250000,0,330,144.3062476916484,-37.42121287096435
20720250000,0,331,144.30636464163874,-37.42111186097139
20720250000,0,332,144.3064886616288,-37.42100186097884
20720250000,0,333,144.30661766161893,-37.420882870986574
20720250000,0,334,144.30675263160907,-37.42075387099462
20720250000,0,335,144.30689064159952,-37.420616861002834
20720250000,0,336,144.30703463159028,-37.420466841011354
20720250000,0,337,144.30710767158587,-37.420387851015654
20720250000,0,338,144.3071826415817,-37.42030386102006
20720250000,0,339,144.3072836315765,-37.42018585102595
20720250000,0,340,144.30738160157208,-37.42006585103162
20720250000,0,341,144.3074446415696,-37.41998484103525
20720250000,0,342,144.30752661156666,-37.41987686103996
20720250000,0,343,144.30763261156355,-37.41973084104601
20720250000,0,344,144.30769163156216,-37.41964583104936
20720250000,0,345,144.30783059155968,-37.419438831057185
20720250000,0,346,144.3079136215586,-37.41931083106185
20720250000,0,347,144.30855259155533,-37.418279811097364
20720250000,0,348,144.30864158155404,-37.41814382110236
20720250000,0,349,144.30873754155246,-37.417999811107755
20720250000,0,350,144.30884456154988,-37.41784682111383
20720250000,0,351,144.3089575615469,-37.41768781112026
20720250000,0,352,144.30901154154617,-37.41760482112328
20720250000,0,353,144.30904757154585,-37.4175478211253
20720250000,0,354,144.3090935615458,-37.41747182112783
20720250000,0,355,144.30915353154626,-37.41736780113112
20720250000,0,356,144.30933552154883,-37.41703979114103
20720250000,0,357,144.3093965115493,-37.41693379114437
20720250000,0,358,144.30946852154943,-37.41681280114835
20720250000,0,359,144.30950754154915,-37.41675080115053
20720250000,0,360,144.30959850154747,-37.41661579115565
20720250000,0,361,144.3096515415458,-37.41654379115869
20720250000,0,362,144.30971052154328,-37.4164697911621
20720250000,0,363,144.3097424915417,-37.41643179116396
20720250000,0,364,144.30977553153986,-37.416394791165885
20720250000,0,365,144.3098495115351,-37.416317791170265
20720250000,0,366,144.3098895215322,-37.41627979117266
20720250000,0,367,144.30993350152855,-37.416241781175316
20720250000,0,368,144.30997952152447,-37.41620478117811
20720250000,0,369,144.31002851151996,-37.41616678118109
20720250000,0,370,144.31008151151468,-37.41612978118433
20720250000,0,371,144.31013848150852,-37.41609477118787
20720250000,0,372,144.31019951150165,-37.41605977119165
20720250000,0,373,144.31030051148937,-37.416010781197976
20720250000,0,374,144.31037449147976,-37.415980781202634
20720250000,0,375,144.31143347133926,-37.41558075126967
20720250000,0,376,144.31179346127598,-37.415594761293406
20720250000,0,377,144.31396500132732,-37.41148552141037
20720250000,0,378,144.31550329136374,-37.40857467149324
20720250000,0,379,144.31668523113856,-37.40879064157222
20720250000,0,380,144.31682024120963,-37.4078776515754
20720250000,0,381,144.3156462214262,-37.407731641497385
20720250000,0,382,144.31593220161346,-37.40544162150187
20720250000,0,383,144.3176791616168,-37.40250458159831
20720260000,0,0,144.34607808150056,-37.54964579438139
20720260000,0,1,144.3457760815277,-37.549885794362986
20720260000,0,2,144.34051905250098,-37.549246794013136
20720260000,0,3,144.33583107289704,-37.55322478372952
20720260000,0,4,144.33399840286512,-37.556580243629845
20720260000,0,5,144.3333160729915,-37.55649679358445
20720260000,0,6,144.33319708300738,-37.556541803576906
20720260000,0,7,144.33238609309223,-37.55707278352688
20720260000,0,8,144.3297240735952,-37.556652803349266
20720260000,0,9,144.3287860637578,-37.556645793287565
20720260000,0,10,144.32692605399427,-37.55746079317035
20720260000,0,11,144.32700307400754,-37.55720478317384
20720260000,0,12,144.32551905436048,-37.556270793070496
20720260000,0,13,144.32401707453892,-37.55704979297662
20720260000,0,14,144.32290897455633,-37.55872630291422
20720260000,0,15,144.32283805455742,-37.55883380291022
20720260000,0,16,144.32014906505168,-37.55854279273173
20720260000,0,17,144.31792471566106,-37.556367682572095
20720260000,0,18,144.31537610635914,-37.553875802389214
20720260000,0,19,144.31516305639553,-37.55387980237525
20720260000,0,20,144.3148828864723,-37.55360490235513
20720260000,0,21,144.3166100662196,-37.55316779246586
20720260000,0,22,144.31662907628385,-37.55251579246305
20720260000,0,23,144.31790807612884,-37.55188180254314
20720260000,0,24,144.31847506606678,-37.55153679257824
20720260000,0,25,144.31708007641723,-37.55047779248002
20720260000,0,26,144.31631707659912,-37.54999280242689
20720260000,0,27,144.31595806667445,-37.54986380240251
20720260000,0,28,144.31609307666656,-37.54971480241045
20720260000,0,29,144.3172720964192,-37.55013880249053
20720260000,0,30,144.31737707639417,-37.55020579249784
20720260000,0,31,144.31883105602887,-37.5513097926002
20720260000,0,32,144.31974307583835,-37.55162979266212
20720260000,0,33,144.31920506607327,-37.550258792618244
20720260000,0,34,144.318677096214,-37.549779792580594
20720260000,0,35,144.3191851062568,-37.54852079260614
20720260000,0,36,144.31851609653867,-37.54691479255222
20720260000,0,37,144.31814109664845,-37.54647980252488
20720260000,0,38,144.31735707678217,-37.54649480247347
20720260000,0,39,144.31640307688508,-37.5470898024145
20720260000,0,40,144.3149010971356,-37.54717279231636
20720260000,0,41,144.31396607725446,-37.54758278225749
20720260000,0,42,144.31196810758598,-37.54770979212708
20720260000,0,43,144.30981806805997,-37.54671478197972
20720260000,0,44,144.30964509825108,-37.545157791958694
20720260000,0,45,144.3073940686651,-37.54490979180937
20720260000,0,46,144.30652306832943,-37.549602801781354
20720260000,0,47,144.30741308816437,-37.54971380184047
20720260000,0,48,144.3073830880987,-37.55039780184274
20720260000,0,49,144.3065290982476,-37.55038280178658
20720260000,0,50,144.30629607833916,-37.54988679176821
20720260000,0,51,144.30549807857,-37.548987781710245
20720260000,0,52,144.30518410872602,-37.54800379168353
20720260000,0,53,144.30308834924696,-37.5464648515364
20720260000,0,54,144.30293610923707,-37.546813791528585
20720260000,0,55,144.3009870798812,-37.543839791382204
20720260000,0,56,144.2998430603674,-37.54104879128979
20720260000,0,57,144.30047608052394,-37.53848078131537
20720260000,0,58,144.29966308091326,-37.536073791247055
20720260000,0,59,144.30175906080146,-37.533660791369606
20720260000,0,60,144.30175106098454,-37.531904791358166
20720260000,0,61,144.30188907104517,-37.53108879136215
20720260000,0,62,144.30373206094126,-37.52902179147026
20720260000,0,63,144.30507508078827,-37.52826279155369
20720260000,0,64,144.30648453071512,-37.52662143163601
20720260000,0,65,144.30816306062786,-37.52466880173405
20720260000,0,66,144.30822408079575,-37.522944801727334
20720260000,0,67,144.30903661084992,-37.52106807176902
20720260000,0,68,144.3091000808542,-37.52092079177226
20720260000,0,69,144.3100251008404,-37.519513791824245
20720260000,0,70,144.31017231084047,-37.519267911832394
20720260000,0,71,144.31070411084022,-37.51838479186181
20720260000,0,72,144.31142309099013,-37.51573879189257
20720260000,0,73,144.31280210060388,-37.517174801992056
20720260000,0,74,144.31790208961607,-37.51822680233356
20720260000,0,75,144.32139207888267,-37.51950078257076
20720260000,0,76,144.3227870684705,-37.521159792672734
20720260000,0,77,144.32235308828194,-37.52370178266004
20720260000,0,78,144.3229690979833,-37.52555979271205
20720260000,0,79,144.32423005768493,-37.526341792799776
20720260000,0,80,144.32466207737258,-37.52863779284244
20720260000,0,81,144.3270220869099,-37.5291767830009
20720260000,0,82,144.3283890865347,-37.530522793099124
20720260000,0,83,144.33013075609733,-37.531845393221836
20720260000,0,84,144.33043389601877,-37.53209936324335
20720260000,0,85,144.33077914589737,-37.53269606326974
20720260000,0,86,144.33088999584925,-37.53297596327878
20720260000,0,87,144.33106928579863,-37.53316612329175
20720260000,0,88,144.33140767572883,-37.53327620331468
20720260000,0,89,144.3316902556781,-37.533295833333376
20720260000,0,90,144.33190520564187,-37.53328807334747
20720260000,0,91,144.33200707562423,-37.53328863335416
20720260000,0,92,144.33231130555478,-37.53345250337519
20720260000,0,93,144.33258056548488,-37.533679313394295
20720260000,0,94,144.3328267954086,-37.53400502341252
20720260000,0,95,144.33289121535918,-37.534374843419045
20720260000,0,96,144.33285128529414,-37.53506837342074
20720260000,0,97,144.33289304524956,-37.53542901342572
20720260000,0,98,144.33307086518238,-37.535781363439604
20720260000,0,99,144.33318285514804,-37.53592616344787
20720260000,0,100,144.3339798649382,-37.53662448350462
20720260000,0,101,144.33459762477898,-37.537132523548394
20720260000,0,102,144.33502529467694,-37.53740521357822
20720260000,0,103,144.33543066458623,-37.537605733606114
20720260000,0,104,144.3359267344808,-37.537797713639925
20720260000,0,105,144.33645741437493,-37.53793587367569
20720260000,0,106,144.33723679422516,-37.53808437372787
20720260000,0,107,144.3377350241427,-37.53805116376045
20720260000,0,108,144.33840355403916,-37.5379377538037
20720260000,0,109,144.3385507940146,-37.537929563813336
20720260000,0,110,144.33862963400003,-37.53793901381858
20720260000,0,111,144.33870847397986,-37.53800256382416
20720260000,0,112,144.33876428396087,-37.538093013828394
20720260000,0,113,144.33881648390138,-37.53857981383486
20720260000,0,114,144.33895937382803,-37.539049163847174
20720260000,0,115,144.33904617376814,-37.53948206385557
20720260000,0,116,144.33916750371165,-37.539825143865684
20720260000,0,117,144.33939033363382,-37.5402048538827
20720260000,0,118,144.33964769355472,-37.54053965390171
20720260000,0,119,144.34005200344828,-37.540893263930506
20720260000,0,120,144.34091709322942,-37.54156485399159
20720260000,0,121,144.3412756331253,-37.5419722740177
20720260000,0,122,144.34137604309106,-37.542135094025326
20720260000,0,123,144.34141929306026,-37.54236053402957
20720260000,0,124,144.34142612300488,-37.54288315403326
20720260000,0,125,144.34123099300774,-37.54317936402227
20720260000,0,126,144.34118346298703,-37.54345845402088
20720260000,0,127,144.3413602329078,-37.54392798403542
20720260000,0,128,144.34168530281602,-37.54427214405895
20720260000,0,129,144.34214396267495,-37.54486937409283
20720260000,0,130,144.34250360258275,-37.545159714118306
20720260000,0,131,144.34269329251816,-37.545467074132695
20720260000,0,132,144.3430748924138,-37.54583858416011
20720260000,0,133,144.34347953231196,-37.54614718418864
20720260000,0,134,144.3441315021514,-37.54661033423442
20720260000,0,135,144.34468305201855,-37.546973844272976
20720260000,0,136,144.34525581186892,-37.54746353431371
20720260000,0,137,144.34552434178693,-37.547807434333514
20720260000,0,138,144.34560139174738,-37.54806014434016
20720260000,0,139,144.34559960172714,-37.54825831434127
20720260000,0,140,144.3456647516831,-37.548574034347524
20720260000,0,141,144.34568526165336,-37.548826414350444
20720260000,0,142,144.345851961588,-37.549178744363594
20720260000,0,143,144.34608738152204,-37.54942328438061
20720260000,0,144,144.34607808150056,-37.54964579438139
20720280000,0,0,144.3114709060315,-37.46691209159192
20720280000,0,1,144.31170596595564,-37.46725497160947
20720280000,0,2,144.31151642598616,-37.467275251597165
20720280000,0,3,144.31137049600434,-37.467342291588004
20720280000,0,4,144.31121617602267,-37.467421731578355
20720280000,0,5,144.3110963860352,-37.46749969157098
20720280000,0,6,144.3109893660452,-37.46758076156445
20720280000,0,7,144.3109277560499,-37.46763829156077
20720280000,0,8,144.31092289603885,-37.46775316156116
20720280000,0,9,144.3109719860188,-37.46786527156509
20720280000,0,10,144.3110794859874,-37.467990141572926
20720280000,0,11,144.31120719594668,-37.468172141582436
20720280000,0,12,144.31131238590498,-37.46840051159077
20720280000,0,13,144.311333015878,-37.468626951593535
20720280000,0,14,144.31131954585405,-37.468881231594224
20720280000,0,15,144.31125851583138,-37.46920193159223
20720280000,0,16,144.3111950758193,-37.469424431589445
20720280000,0,17,144.3110502858092,-37.46976355158205
20720280000,0,18,144.3121047356668,-37.46938580164893
20720280000,0,19,144.31288725546656,-37.470020901704274
20720280000,0,20,144.3140447052791,-37.46990830177957
20720280000,0,21,144.3140949652231,-37.47036650178574
20720280000,0,22,144.31453917514398,-37.47039227181505
20720280000,0,23,144.3148934450738,-37.47048157183889
20720280000,0,24,144.31502586505002,-37.470491471847645
20720280000,0,25,144.31517591502634,-37.47047084185738
20720280000,0,26,144.31553956497132,-37.470397901880794
20720280000,0,27,144.31565410495264,-37.47038791188826
20720280000,0,28,144.31587196491222,-37.470416321902746
20720280000,0,29,144.31604717486977,-37.470535321914994
20720280000,0,30,144.3163065347906,-37.470869591934104
20720280000,0,31,144.31631978478094,-37.47094084193543
20720280000,0,32,144.3161878047874,-37.47109803192773
20720280000,0,33,144.31604764480275,-37.47118293191906
20720280000,0,34,144.3159114248246,-37.471198151910194
20720280000,0,35,144.31572038486334,-37.47114115189731
20720280000,0,36,144.31552934489585,-37.47114483188478
20720280000,0,37,144.31501922497188,-37.47125793185198
20720280000,0,38,144.31487004499172,-37.47131459184254
20720280000,0,39,144.31479105499486,-37.47141581183798
20720280000,0,40,144.3148620849701,-37.47153698184339
20720280000,0,41,144.31504356491993,-37.47172015185645
20720280000,0,42,144.31511068489502,-37.471849831861675
20720280000,0,43,144.3150878048888,-37.47194772186078
20720280000,0,44,144.31496863489258,-37.472109241853964
20720280000,0,45,144.31457691493372,-37.472363451829814
20720280000,0,46,144.31310107512093,-37.47300847173691
20720280000,0,47,144.31172808545335,-37.47207779164097
20720280000,0,48,144.3111336455623,-37.47201304160152
20720280000,0,49,144.3111220755644,-37.47201178160076
20720280000,0,50,144.3112950855815,-37.4715587916093
20720280000,0,51,144.31115806561584,-37.47145478159965
20720280000,0,52,144.31119106561303,-37.471426791601644
20720280000,0,53,144.31077708571607,-37.47111879157255
20720280000,0,54,144.3106210857296,-37.4712477915631
20720280000,0,55,144.31054910574736,-37.47119578155806
20720280000,0,56,144.30980008593303,-37.470645801505455
20720280000,0,57,144.30971609595184,-37.47060378149968
20720280000,0,58,144.30916410609004,-37.47018580146084
20720280000,0,59,144.30937106605202,-37.47020879147456
20720280000,0,60,144.3093740960763,-37.46996879147327
20720280000,0,61,144.3084760862397,-37.46988278141378
20720280000,0,62,144.30849010625164,-37.46974379141383
20720280000,0,63,144.30864507624491,-37.46955078142281
20720280000,0,64,144.30949406612552,-37.46929278147694
20720280000,0,65,144.3094891062041,-37.46854079147194
20720280000,0,66,144.30958907619296,-37.468481801478134
20720280000,0,67,144.30964510617352,-37.468576801482406
20720280000,0,68,144.30987611614455,-37.46847279149691
20720280000,0,69,144.30997210612855,-37.46846779150319
20720280000,0,70,144.31005007611546,-37.4684648015083
20720280000,0,71,144.31014307609954,-37.46846380151439
20720280000,0,72,144.31026476610788,-37.46818082152061
20720280000,0,73,144.31035506612278,-37.46788599152471
20720280000,0,74,144.31036609616135,-37.467494791523
20720280000,0,75,144.3105260761831,-37.46701778153054
20720280000,0,76,144.310487086196,-37.4669577915276
20720280000,0,77,144.31090008614152,-37.466797801553724
20720280000,0,78,144.31104411609223,-37.46703478156465
20720280000,0,79,144.3114709060315,-37.46691209159192
20720290000,0,0,144.34607808150056,-37.54964579438139
20720290000,0,1,144.34608738152204,-37.54942328438061
20720290000,0,2,144.345851961588,-37.549178744363594
20720290000,0,3,144.34568526165336,-37.548826414350444
20720290000,0,4,144.3456647516831,-37.548574034347524
20720290000,0,5,144.34559960172714,-37.54825831434127
20720290000,0,6,144.34560139174738,-37.54806014434016
20720290000,0,7,144.34552434178693,-37.547807434333514
20720290000,0,8,144.34525581186892,-37.54746353431371
20720290000,0,9,144.34468305201855,-37.546973844272976
20720290000,0,10,144.3441315021514,-37.54661033423442
20720290000,0,11,144.34347953231196,-37.54614718418864
20720290000,0,12,144.3430748924138,-37.54583858416011
20720290000,0,13,144.34269329251816,-37.545467074132695
20720290000,0,14,144.34250360258275,-37.545159714118306
20720290000,0,15,144.34214396267495,-37.54486937409283
20720290000,0,16,144.34168530281602,-37.54427214405895
20720290000,0,17,144.3413602329078,-37.54392798403542
20720290000,0,18,144.34118346298703,-37.54345845402088
20720290000,0,19,144.34123099300774,-37.54317936402227
20720290000,0,20,144.34142612300488,-37.54288315403326
20720290000,0,21,144.34141929306026,-37.54236053402957
20720290000,0,22,144.34137604309106,-37.542135094025326
20720290000,0,23,144.3412756331253,-37.5419722740177
20720290000,0,24,144.34091709322942,-37.54156485399159
20720290000,0,25,144.34005200344828,-37.540893263930506
20720290000,0,26,144.33964769355472,-37.54053965390171
20720290000,0,27,144.33939033363382,-37.5402048538827
20720290000,0,28,144.33916750371165,-37.539825143865684
20720290000,0,29,144.33904617376814,-37.53948206385557
20720290000,0,30,144.33895937382803,-37.539049163847174
20720290000,0,31,144.33881648390138,-37.53857981383486
20720290000,0,32,144.33876428396087,-37.538093013828394
20720290000,0,33,144.33870847397986,-37.53800256382416
20720290000,0,34,144.33862963400003,-37.53793901381858
20720290000,0,35,144.3385507940146,-37.537929563813336
20720290000,0,36,144.33840355403916,-37.5379377538037
20720290000,0,37,144.3377350241427,-37.53805116376045
20720290000,0,38,144.33723679422516,-37.53808437372787
20720290000,0,39,144.33645741437493,-37.53793587367569
20720290000,0,40,144.3359267344808,-37.537797713639925
20720290000,0,41,144.33543066458623,-37.537605733606114
20720290000,0,42,144.33502529467694,-37.53740521357822
20720290000,0,43,144.33459762477898,-37.537132523548394
20720290000,0,44,144.3339798649382,-37.53662448350462
20720290000,0,45,144.33318285514804,-37.53592616344787
20720290000,0,46,144.33307086518238,-37.535781363439604
20720290000,0,47,144.33289304524956,-37.53542901342572
20720290000,0,48,144.33285128529414,-37.53506837342074
20720290000,0,49,144.33289121535918,-37.534374843419045
20720290000,0,50,144.3328267954086,-37.53400502341252
20720290000,0,51,144.33258056548488,-37.533679313394295
20720290000,0,52,144.33231130555478,-37.53345250337519
20720290000,0,53,144.33200707562423,-37.53328863335416
20720290000,0,54,144.33190520564187,-37.53328807334747
20720290000,0,55,144.3316902556781,-37.533295833333376
20720290000,0,56,144.33140767572883,-37.53327620331468
20720290000,0,57,144.33106928579863,-37.53316612329175
20720290000,0,58,144.33088999584925,-37.53297596327878
20720290000,0,59,144.33077914589737,-37.53269606326974
20720290000,0,60,144.33043389601877,-37.53209936324335
20720290000,0,61,144.33013075609733,-37.531845393221836
20720290000,0,62,144.3283890865347,-37.530522793099124
20720290000,0,63,144.3285720969426,-37.52628279308479
20720290000,0,64,144.32987306718414,-37.521787793142366
20720290000,0,65,144.3293280872765,-37.52180279310663
20720290000,0,66,144.32856008792496,-37.51682180302516
20720290000,0,67,144.32813807834575,-37.513461792976535
20720290000,0,68,144.32546802912046,-37.51042357278215
20720290000,0,69,144.3246860893472,-37.509534802725234
20720290000,0,70,144.32521906960613,-37.50614780273919
20720290000,0,71,144.3239670798744,-37.50563979265375
20720290000,0,72,144.32348156013586,-37.503922062611174
20720290000,0,73,144.32264808031175,-37.503609782554456
20720290000,0,74,144.32505409001692,-37.502454792705386
20720290000,0,75,144.3306350790946,-37.50207980306988
20720290000,0,76,144.33197006893624,-37.501388783153345
20720290000,0,77,144.32711685046758,-37.49467160279253
20720290000,0,78,144.32542507100135,-37.492328802666755
20720290000,0,79,144.32157308173208,-37.49167578240957
20720290000,0,80,144.31744110284777,-37.48776779211381
20720290000,0,81,144.33160281048154,-37.48707757304016
20720290000,0,82,144.33855207932066,-37.48673778349501
20720290000,0,83,144.3390650892131,-37.4869237835299
20720290000,0,84,144.33953907904865,-37.48772380356607
20720290000,0,85,144.34023209893982,-37.48762279361102
20720290000,0,86,144.3410530989227,-37.486423783657564
20720290000,0,87,144.34192007879415,-37.48622480371336
20720290000,0,88,144.34255908861712,-37.48687180375944
20720290000,0,89,144.3419440986026,-37.4880337837262
20720290000,0,90,144.34213907849247,-37.48877278374363
20720290000,0,91,144.34303708836308,-37.4885297938012
20720290000,0,92,144.3441670582549,-37.487696793870356
20720290000,0,93,144.34549707798308,-37.48811080396045
20720290000,0,94,144.34525405795426,-37.4887928039487
20720290000,0,95,144.34543407784355,-37.489561793965336
20720290000,0,96,144.346838087564,-37.48992779406
20720290000,0,97,144.34748209742597,-37.49018979410402
20720290000,0,98,144.34728108733827,-37.491369794098134
20720290000,0,99,144.3480040771883,-37.49161579414724
20720290000,0,100,144.3487850671315,-37.49086680419398
20720290000,0,101,144.3486080772818,-37.48971079417514
20720290000,0,102,144.3480801074896,-37.48858279413336
20720290000,0,103,144.34831907756,-37.4875067941424
20720290000,0,104,144.34937009752036,-37.48614378420309
20720290000,0,105,144.35064408733723,-37.48579580428477
20720290000,0,106,144.35202809703736,-37.486390804379575
20720290000,0,107,144.35137007705853,-37.48727880434179
20720290000,0,108,144.35066408711808,-37.48787679429905
20720290000,0,109,144.35169207684223,-37.48883080437265
20720290000,0,110,144.35301107652006,-37.4897487944652
20720290000,0,111,144.35405205621487,-37.490963794541294
20720290000,0,112,144.3543010960738,-37.49191079456357
20720290000,0,113,144.3554090858746,-37.491992784637034
20720290000,0,114,144.3560540858188,-37.49145980467619
20720290000,0,115,144.3564224357574,-37.49144096470033
20720290000,0,116,144.34744124105634,-37.551659594483596
20720290000,0,117,144.34695105116631,-37.55141478444983
20720290000,0,118,144.34640209145212,-37.54957379440226
20720290000,0,119,144.3464040214602,-37.54949324440187
20720290000,0,120,144.34607808150056,-37.54964579438139
20720300000,0,0,144.28674928108677,-37.459132799921505
20720300000,0,1,144.28765908091947,-37.45923778998181
20720300000,0,2,144.2875310808704,-37.4599267899777
20720300000,0,3,144.28978010045458,-37.46020778012692
20720300000,0,4,144.2899131005052,-37.45949579013121
20720300000,0,5,144.29691507922163,-37.460264780595224
20720300000,0,6,144.2976982590776,-37.460355140647174
20720300000,0,7,144.29805839901584,-37.46035369067078
20720300000,0,8,144.29733807931012,-37.45870279061324
20720300000,0,9,144.296424119514,-37.458250800550466
20720300000,0,10,144.29579810963008,-37.458168790508914
20720300000,0,11,144.29603907972128,-37.45688380051671
20720300000,0,12,144.29881208930755,-37.45627280069482
20720300000,0,13,144.2996900996652,-37.45134578072174
20720300000,0,14,144.2993430897558,-37.4510457906971
20720300000,0,15,144.29907310982287,-37.45084578067815
20720300000,0,16,144.29889508987776,-37.45061080066499
20720300000,0,17,144.2988520999186,-37.450286790660165
20720300000,0,18,144.29886709995327,-37.4499258006589
20720300000,0,19,144.29877909999726,-37.449645780651394
20720300000,0,20,144.29856510004254,-37.44956379063684
20720300000,0,21,144.29830511008745,-37.449561790619754
20720300000,0,22,144.29800110014352,-37.44952479059958
20720300000,0,23,144.29778706019076,-37.449423780584915
20720300000,0,24,144.2976190902374,-37.44925179057282
20720300000,0,25,144.2974830902906,-37.448962800562114
20720300000,0,26,144.29738710033877,-37.44865579055389
20720300000,0,27,144.29732110036315,-37.44852979054878
20720300000,0,28,144.29716310039595,-37.44847479053807
20720300000,0,29,144.29705009041362,-37.44849179053076
20720300000,0,30,144.29697008042373,-37.44852679052574
20720300000,0,31,144.29647507053517,-37.448271790491674
20720300000,0,32,144.29621709059916,-37.448081790473566
20720300000,0,33,144.29608412064448,-37.44786379046349
20720300000,0,34,144.2959851006903,-37.44758479045525
20720300000,0,35,144.29579508074823,-37.44733979044127
20720300000,0,36,144.2952450908831,-37.44694880040276
20720300000,0,37,144.29497609095458,-37.44670478038359
20720300000,0,38,144.29468409102537,-37.44650480036319
20720300000,0,39,144.29433409109515,-37.44641180033965
20720300000,0,40,144.29407410113805,-37.446428800322714
20720300000,0,41,144.29387010116486,-37.44650879030982
20720300000,0,42,144.29371009117577,-37.44666980030033
20720300000,0,43,144.2935950811723,-37.446894790294195
20720300000,0,44,144.29355810113694,-37.44729980029429
20720300000,0,45,144.29349809111937,-37.44756979029204
20720300000,0,46,144.2932941011406,-37.4477037802795
20720300000,0,47,144.29309010117115,-37.44774779026639
20720300000,0,48,144.29275109122878,-37.447753790244185
20720300000,0,49,144.29233407131275,-37.4476348002161
20720300000,0,50,144.29207609137586,-37.44745279019805
20720300000,0,51,144.29173810144997,-37.447297800174915
20720300000,0,52,144.29135507152992,-37.447160790148935
20720300000,0,53,144.29101310160564,-37.4469967801255
20720300000,0,54,144.29112709162516,-37.44661779013061
20720300000,0,55,144.28979108196216,-37.44557680003652
20720300000,0,56,144.2896473820398,-37.4450637900239
20720300000,0,57,144.31314739775996,-37.44739415158046
20720300000,0,58,144.32595659542727,-37.448662692429835
20720300000,0,59,144.33804707322548,-37.44985879323215
20720300000,0,60,144.33777310313806,-37.45115879322224
20720300000,0,61,144.3374650731104,-37.45193778320683
20720300000,0,62,144.3376000929564,-37.453201803223585
20720300000,0,63,144.33686009279685,-37.45597278319219
20720300000,0,64,144.33707507270546,-37.45649879320959
20720300000,0,65,144.33661908263255,-37.45796079318872
20720300000,0,66,144.33580107263043,-37.45934080314352
20720300000,0,67,144.33499008270744,-37.459943793093935
20720300000,0,68,144.33404907282423,-37.46037880303478
20720300000,0,69,144.33349906280847,-37.46144479300524
20720300000,0,70,144.33341211277173,-37.461944793002644
20720300000,0,71,144.3323420828833,-37.46264479293665
20720300000,0,72,144.33152010291826,-37.463672802889015
20720300000,0,73,144.3299361131733,-37.46384079278593
20720300000,0,74,144.32924108311536,-37.46555578275093
20720300000,0,75,144.3292296930978,-37.46574469275134
20720300000,0,76,144.3288857131563,-37.46575120272878
20720300000,0,77,144.32868507318852,-37.46577279271571
20720300000,0,78,144.32832208324788,-37.465802792692045
20720300000,0,79,144.3279663933074,-37.465818982668765
20720300000,0,80,144.32765409335735,-37.46585480264846
20720300000,0,81,144.32721507342802,-37.465901792619896
20720300000,0,82,144.3267805735026,-37.46590308259137
20720300000,0,83,144.32647609355845,-37.46586978257114
20720300000,0,84,144.32610510363205,-37.46577478254617
20720300000,0,85,144.32572018371954,-37.46556895251958
20720300000,0,86,144.3254428137851,-37.46539676250029
20720300000,0,87,144.32524608383102,-37.465279802486634
20720300000,0,88,144.32518008384596,-37.46524480248207
20720300000,0,89,144.32508836386296,-37.46523311247597
20720300000,0,90,144.324938093885,-37.46526979246632
20720300000,0,91,144.32468306391542,-37.46539979245038
20720300000,0,92,144.32435905394738,-37.46562978243051
20720300000,0,93,144.32398409399437,-37.46579880240693
20720300000,0,94,144.32347608406712,-37.46593979237442
20720300000,0,95,144.32306009413412,-37.46598380234737
20720300000,0,96,144.32280408418293,-37.46593779233026
20720300000,0,97,144.3226091042292,-37.46581478231668
20720300000,0,98,144.32243908428478,-37.465559802303915
20720300000,0,99,144.32231108433672,-37.46527079229371
20720300000,0,100,144.32223209435423,-37.465232792288276
20720300000,0,101,144.32207948437807,-37.465255752278395
20720300000,0,102,144.3218367244132,-37.46532006226284
20720300000,0,103,144.32176208442596,-37.46532080225794
20720300000,0,104,144.321678644444,-37.46528500225224
20720300000,0,105,144.3214722345011,-37.46507608223738
20720300000,0,106,144.32110110459516,-37.46478380221118
20720300000,0,107,144.32054090471806,-37.46452703217277
20720300000,0,108,144.31949072493285,-37.46419670210173
20720300000,0,109,144.31845507513523,-37.46396179203222
20720300000,0,110,144.31722546536395,-37.463795011950424
20720300000,0,111,144.31569611562452,-37.46381880185012
20720300000,0,112,144.31434502581632,-37.464211171763836
20720300000,0,113,144.31335806594174,-37.464639791701686
20720300000,0,114,144.30219308799244,-37.4633778009609
20720300000,0,115,144.3016224780975,-37.46331096092304
20720300000,0,116,144.28643410088688,-37.46159577991618
20720300000,0,117,144.28674928108677,-37.459132799921505
20720310000,0,0,144.29805103153166,-37.43599012051856
20720310000,0,1,144.29796409153894,-37.43606379051331
20720310000,0,2,144.29933711126944,-37.436389790605425
20720310000,0,3,144.30031907109966,-37.436399780669916
20720310000,0,4,144.30339909077782,-37.43439079085951
20720310000,0,5,144.3040330907879,-37.43323780089392
20720310000,0,6,144.30423410084725,-37.43232778090145
20720310000,0,7,144.30488708079835,-37.43171479094049
20720310000,0,8,144.30578911083774,-37.42983178098796
20720310000,0,9,144.30632909091705,-37.42816478101302
20720310000,0,10,144.30572308109987,-37.427401790968474
20720310000,0,11,144.30604512108334,-37.42702580098728
20720310000,0,12,144.3061800911741,-37.42592179098924
20720310000,0,13,144.30539107139538,-37.42509079093229
20720310000,0,14,144.30548809142718,-37.42462079093572
20720310000,0,15,144.30687611122866,-37.424234791024425
20720310000,0,16,144.3068390612438,-37.42414979102146
20720310000,0,17,144.3420534155602,-37.42063595331357
20720310000,0,18,144.34111438516467,-37.42601947328535
20720310000,0,19,144.34271140487772,-37.42614246339118
20720310000,0,20,144.34237644473768,-37.42805247338106
20720310000,0,21,144.3466044239625,-37.42852742366219
20720310000,0,22,144.34731339382895,-37.42864142370954
20720310000,0,23,144.34761547361884,-37.43017043373897
20720310000,0,24,144.34728251347383,-37.432124453729244
20720310000,0,25,144.36472831010204,-37.43575027490049
20720310000,0,26,144.35816166666737,-37.47977952474227
20720310000,0,27,144.35790207671252,-37.47977479472514
20720310000,0,28,144.35755444677355,-37.47976287470217
20720310000,0,29,144.3571001668509,-37.4797711646723
20720310000,0,30,144.3564590869612,-37.479770794630085
20720310000,0,31,144.35560392711076,-37.47974726457364
20720310000,0,32,144.35496769722528,-37.479698854531456
20720310000,0,33,144.35448111732316,-37.47956213449856
20720310000,0,34,144.3537950974691,-37.47929279445173
20720310000,0,35,144.35314608761692,-37.47894379440683
20720310000,0,36,144.35281408770368,-37.478657804383175
20720310000,0,37,144.35269706774332,-37.478469804374306
20720310000,0,38,144.35270035776017,-37.478302234373494
20720310000,0,39,144.3527601077837,-37.477975794375396
20720310000,0,40,144.35294212780533,-37.477464884384176
20720310000,0,41,144.35322781780252,-37.47701779440022
20720310000,0,42,144.35352707780348,-37.47651180441676
20720310000,0,43,144.3536716878158,-37.47615284442404
20720310000,0,44,144.35366307785222,-37.47581579442138
20720310000,0,45,144.3535430679161,-37.47539880441089
20720310000,0,46,144.35333709802387,-37.47470079439297
20720310000,0,47,144.35309199815728,-37.47382030437136
20720310000,0,48,144.35288222833006,-37.47250124434933
20720310000,0,49,144.35285105835493,-37.47231280434612
20720310000,0,50,144.35289536837544,-37.472041254347346
20720310000,0,51,144.3529961483845,-37.47178701435239
20720310000,0,52,144.35291704843624,-37.4714188843449
20720310000,0,53,144.35285306848726,-37.47103280433828
20720310000,0,54,144.3527510885534,-37.47056379432864
20720310000,0,55,144.3526360786316,-37.46999980431757
20720310000,0,56,144.3524490887067,-37.469585794302674
20720310000,0,57,144.3520728788223,-37.46909422427484
20720310000,0,58,144.3517258389094,-37.46883006425036
20720310000,0,59,144.35131006900173,-37.46862880422174
20720310000,0,60,144.3506990591348,-37.46835879417983
20720310000,0,61,144.35006088926832,-37.4681291341364
20720310000,0,62,144.3492001494454,-37.467849004078
20720310000,0,63,144.34847511960115,-37.46754899402842
20720310000,0,64,144.34750975981825,-37.46705589396183
20720310000,0,65,144.34691707995262,-37.46674280392086
20720310000,0,66,144.34619708012076,-37.46631478387082
20720310000,0,67,144.34577211020428,-37.466213793842215
20720310000,0,68,144.34553745023834,-37.46627480382717
20720310000,0,69,144.3454110902433,-37.46643688381986
20720310000,0,70,144.34530706023247,-37.46671379381473
20720310000,0,71,144.3449903102604,-37.466970263795496
20720310000,0,72,144.34416308033488,-37.467624793745145
20720310000,0,73,144.34301409047274,-37.46820178367314
20720310000,0,74,144.34135210070286,-37.46873980356715
20720310000,0,75,144.34034551085745,-37.46891893350205
20720310000,0,76,144.33922817105883,-37.468829993427995
20720310000,0,77,144.33773411134104,-37.46858608332822
20720310000,0,78,144.3365680915758,-37.46825578324946
20720310000,0,79,144.33567106177057,-37.467864793188056
20720310000,0,80,144.33509308191083,-37.46746979314758
20720310000,0,81,144.33456595205797,-37.466924083109504
20720310000,0,82,144.33418307218992,-37.46628579308037
20720310000,0,83,144.33390209230754,-37.465615803057716
20720310000,0,84,144.3336701724004,-37.465104223039276
20720310000,0,85,144.33354110246702,-37.46467479302814
20720310000,0,86,144.33341708256813,-37.46390379301516
20720310000,0,87,144.3334550726391,-37.46315480301301
20720310000,0,88,144.33359498268283,-37.46249995301814
20720310000,0,89,144.33373069270226,-37.46208664302447
20720310000,0,90,144.33341211277173,-37.461944793002644
20720310000,0,91,144.33349906280847,-37.46144479300524
20720310000,0,92,144.33404907282423,-37.46037880303478
20720310000,0,93,144.33499008270744,-37.459943793093935
20720310000,0,94,144.33580107263043,-37.45934080314352
20720310000,0,95,144.33661908263255,-37.45796079318872
20720310000,0,96,144.33707507270546,-37.45649879320959
20720310000,0,97,144.33686009279685,-37.45597278319219
20720310000,0,98,144.3376000929564,-37.453201803223585
20720310000,0,99,144.3374650731104,-37.45193778320683
20720310000,0,100,144.33777310313806,-37.45115879322224
20720310000,0,101,144.33804707322548,-37.44985879323215
20720310000,0,102,144.32595659542727,-37.448662692429835
20720310000,0,103,144.31314739775996,-37.44739415158046
20720310000,0,104,144.2896473820398,-37.4450637900239
20720310000,0,105,144.2893780820862,-37.44506279000624
20720310000,0,106,144.28934210209977,-37.44499079000343
20720310000,0,107,144.28836309245557,-37.44317279992792
20720310000,0,108,144.28692908284435,-37.441792789825314
20720310000,0,109,144.28433211345586,-37.44019077964509
20720310000,0,110,144.28308611371475,-37.439756789560725
20720310000,0,111,144.28156011401944,-37.43934479945814
20720310000,0,112,144.28035711427867,-37.43883578937614
20720310000,0,113,144.27962412456068,-37.437321789318666
20720310000,0,114,144.2795341145951,-37.43713777931162
20720310000,0,115,144.27944508467593,-37.43650178930183
20720310000,0,116,144.2796970847564,-37.435300789310865
20720310000,0,117,144.28042011471268,-37.43451978935338
20720310000,0,118,144.2818860945997,-37.433171789441055
20720310000,0,119,144.2819773145678,-37.43332920944802
20720310000,0,120,144.28273910434902,-37.43418179950325
20720310000,0,121,144.28354287418153,-37.4344668595577
20720310000,0,122,144.28428586406602,-37.43434905960567
20720310000,0,123,144.28533166382707,-37.43492395967781
20720310000,0,124,144.2861880937125,-37.434607849731975
20720310000,0,125,144.28689163359084,-37.43461524977815
20720310000,0,126,144.28754443342606,-37.43512555982412
20720310000,0,127,144.288313533322,-37.434853609872846
20720310000,0,128,144.28967892301566,-37.435548949966716
20720310000,0,129,144.29018112295378,-37.435312199998165
20720310000,0,130,144.29037610293008,-37.435217210010364
20720310000,0,131,144.29126013260083,-37.43693723007904
20720310000,0,132,144.2953630620105,-37.4358251503412
20720310000,0,133,144.29473106227115,-37.43435115029056
20720310000,0,134,144.2952930621483,-37.43460613032902
20720310000,0,135,144.296067041901,-37.4357141303867
20720310000,0,136,144.29721106169617,-37.43579411046224
20720310000,0,137,144.29805103153166,-37.43599012051856
20720320000,0,0,144.3114709060315,-37.46691209159192
20720320000,0,1,144.3113018760883,-37.46664395157914
20720320000,0,2,144.31118328610626,-37.4666675415715
20720320000,0,3,144.311062326126,-37.46667794156363
20720320000,0,4,144.31084435616185,-37.46669355154941
20720320000,0,5,144.31065947619456,-37.466684761537216
20720320000,0,6,144.309997986282,-37.46693964149539
20720320000,0,7,144.3098193562836,-37.467221731485395
20720320000,0,8,144.3096166763265,-37.46714395147161
20720320000,0,9,144.3093221163482,-37.46742415145401
20720320000,0,10,144.30927236633443,-37.4676402514521
20720320000,0,11,144.30805290652046,-37.467869871373466
20720320000,0,12,144.30790350649838,-37.468332411366546
20720320000,0,13,144.30786011651736,-37.46822047136299
20720320000,0,14,144.3077780965467,-37.4680738013567
20720320000,0,15,144.3077091065736,-37.46792780135126
20720320000,0,16,144.30764811659952,-37.467778801346334
20720320000,0,17,144.30759209662494,-37.4676257813417
20720320000,0,18,144.30754909664847,-37.46746979133791
20720320000,0,19,144.30751211667078,-37.46731580133452
20720320000,0,20,144.3074921166902,-37.46716079133224
20720320000,0,21,144.30745609672923,-37.46684279132791
20720320000,0,22,144.3069450968316,-37.46670278129348
20720320000,0,23,144.30693308683956,-37.466645781292335
20720320000,0,24,144.3074030967521,-37.466709791323595
20720320000,0,25,144.30749310677248,-37.466362791327334
20720320000,0,26,144.30738907679233,-37.466343791320384
20720320000,0,27,144.30734108680173,-37.46633278131717
20720320000,0,28,144.30678909690877,-37.466215791280206
20720320000,0,29,144.30693808691115,-37.46594478128831
20720320000,0,30,144.30674109695556,-37.46584279127474
20720320000,0,31,144.30653508699845,-37.46577079126077
20720320000,0,32,144.3064750869976,-37.4658787912575
20720320000,0,33,144.30670309695506,-37.46591080127267
20720320000,0,34,144.30660710695443,-37.466076801267405
20720320000,0,35,144.3064580769815,-37.46606279125754
20720320000,0,36,144.30642208696733,-37.46625980125639
20720320000,0,37,144.30640511696012,-37.466357791255895
20720320000,0,38,144.30636408695676,-37.46645879125382
20720320000,0,39,144.30636010694482,-37.46658079125432
20720320000,0,40,144.30641408691872,-37.46674380125888
20720320000,0,41,144.30672207688144,-37.46659178127815
20720320000,0,42,144.30674310687112,-37.46665679127994
20720320000,0,43,144.30660509687866,-37.46681378127186
20720320000,0,44,144.30656910684442,-37.46720480127193
20720320000,0,45,144.30653610682933,-37.467405781271026
20720320000,0,46,144.30646851682226,-37.46758692126771
20720320000,0,47,144.306480706813,-37.46765599126895
20720320000,0,48,144.30653107678796,-37.46781480127323
20720320000,0,49,144.3065770967663,-37.467947801277084
20720320000,0,50,144.30565609685385,-37.468633791220896
20720320000,0,51,144.30500307699106,-37.46839318117653
20720320000,0,52,144.30490879698965,-37.4685636811714
20720320000,0,53,144.3058753165729,-37.47098799124995
20720320000,0,54,144.30580921658301,-37.47099978124568
20720320000,0,55,144.3057440965654,-37.47127879124314
20720320000,0,56,144.30478410673925,-37.47119479117961
20720320000,0,57,144.30474706672888,-37.471356791178195
20720320000,0,58,144.30413010681613,-37.47153979113883
20720320000,0,59,144.3035840969258,-37.471387801102054
20720320000,0,60,144.30357209693818,-37.47128778110064
20720320000,0,61,144.30306010700062,-37.47153580106858
20720320000,0,62,144.30286125702884,-37.47159378105589
20720320000,0,63,144.30314843693577,-37.47201626107738
20720320000,0,64,144.30350609684217,-37.47232678110277
20720320000,0,65,144.30334308686102,-37.47241579109264
20720320000,0,66,144.3011300972014,-37.47280678094983
20720320000,0,67,144.30042108733184,-37.47272479090281
20720320000,0,68,144.29940108752666,-37.47253779083471
20720320000,0,69,144.29904510760414,-37.47238078081039
20720320000,0,70,144.29822509772055,-37.47261978075808
20720320000,0,71,144.29780209777576,-37.47278978073138
20720320000,0,72,144.2974141078795,-37.472431790703695
20720320000,0,73,144.29692708798228,-37.4722477906706
20720320000,0,74,144.2975020679125,-37.47196579070657
20720320000,0,75,144.29726306801203,-37.47139978068736
20720320000,0,76,144.2965370781443,-37.47132880063929
20720320000,0,77,144.29633906819643,-37.47115379062522
20720320000,0,78,144.29614707820085,-37.47143079061435
20720320000,0,79,144.29609608821508,-37.471377790610674
20720320000,0,80,144.29557307828793,-37.47154379057741
20720320000,0,81,144.2951881184051,-37.471050780549085
20720320000,0,82,144.29444508851662,-37.47120879050133
20720320000,0,83,144.2943395685263,-37.47129084049492
20720320000,0,84,144.29412059854735,-37.471451730481554
20720320000,0,85,144.29391407856824,-37.471593790468894
20720320000,0,86,144.2932570886447,-37.47194779042802
20720320000,0,87,144.29312411866653,-37.47195780041936
20720320000,0,88,144.29308410867282,-37.471963790416766
20720320000,0,89,144.2930011086878,-37.47195678041128
20720320000,0,90,144.29287309870966,-37.47195880040291
20720320000,0,91,144.2927620687296,-37.47195079039557
20720320000,0,92,144.29261906875738,-37.47191978038598
20720320000,0,93,144.29251109877936,-37.4718868003787
20720320000,0,94,144.29239808880325,-37.47184378037102
20720320000,0,95,144.2923081188236,-37.47179679036482
20720320000,0,96,144.29223008884205,-37.471747790359416
20720320000,0,97,144.2921790888568,-37.471689790355704
20720320000,0,98,144.2921121188792,-37.47158478035066
20720320000,0,99,144.29208510889157,-37.47150979034842
20720320000,0,100,144.29207608890303,-37.47141379034723
20720320000,0,101,144.29210207891694,-37.471235780347826
20720320000,0,102,144.2921360989208,-37.47114178034947
20720320000,0,103,144.29217908892392,-37.471039790351654
20720320000,0,104,144.29221507892692,-37.470950790353456
20720320000,0,105,144.29226811892957,-37.47083679035623
20720320000,0,106,144.29228709893488,-37.47075378035695
20720320000,0,107,144.29230709894134,-37.47065779035767
20720320000,0,108,144.29230508895276,-37.470550780356874
20720320000,0,109,144.29228307896923,-37.47042779035467
20720320000,0,110,144.29225409898908,-37.47028379035187
20720320000,0,111,144.29218810901716,-37.470121790346525
20720320000,0,112,144.2921190890414,-37.470001790341264
20720320000,0,113,144.29202608907073,-37.469872790334364
20720320000,0,114,144.29198910908121,-37.46983280033169
20720320000,0,115,144.29193410909855,-37.46975680032761
20720320000,0,116,144.29184810912344,-37.469658790321354
20720320000,0,117,144.29176408914594,-37.46958079031536
20720320000,0,118,144.2916660891713,-37.46949880030843
20720320000,0,119,144.29159906918804,-37.46944779030372
20720320000,0,120,144.2915050792093,-37.469398790297255
20720320000,0,121,144.29138609923112,-37.46938578028937
20720320000,0,122,144.29129009924947,-37.46936780028295
20720320000,0,123,144.29121107926247,-37.4693737902778
20720320000,0,124,144.29113208927473,-37.469386800272716
20720320000,0,125,144.2910330992875,-37.469427800266466
20720320000,0,126,144.29097407929538,-37.469449790262736
20720320000,0,127,144.2908561193101,-37.46950379025534
20720320000,0,128,144.29065408933258,-37.46962278024283
20720320000,0,129,144.29055308934272,-37.469692790236635
20720320000,0,130,144.29046008935038,-37.46977378023106
20720320000,0,131,144.29034011936088,-37.46987179022379
20720320000,0,132,144.2902771193643,-37.46994380022011
20720320000,0,133,144.2902260893639,-37.47003278021732
20720320000,0,134,144.29019505936398,-37.4700837902156
20720320000,0,135,144.29016509936343,-37.47013879021399
20720320000,0,136,144.2901230893616,-37.470226790211754
20720320000,0,137,144.29007106935973,-37.47033180020902
20720320000,0,138,144.28998609934894,-37.47057779020498
20720320000,0,139,144.2899790893426,-37.470650790204964
20720320000,0,140,144.28998908933366,-37.47072080020605
20720320000,0,141,144.29002307931336,-37.47086079020916
20720320000,0,142,144.29012209926452,-37.47116879021757
20720320000,0,143,144.29018009924224,-37.47128778022212
20720320000,0,144,144.29021009922812,-37.47137479022462
20720320000,0,145,144.29025608920722,-37.47150079022842
20720320000,0,146,144.29031211918684,-37.47160478023275
20720320000,0,147,144.29041310913567,-37.4719317902414
20720320000,0,148,144.29043106912488,-37.47200679024305
20720320000,0,149,144.2904700891038,-37.472145800246466
20720320000,0,150,144.29049611908673,-37.472267790248935
20720320000,0,151,144.29051906906696,-37.47242080025139
20720320000,0,152,144.29052009905743,-37.47251178025203
20720320000,0,153,144.29051509904517,-37.472638780252495
20720320000,0,154,144.29049808903693,-37.47274679025205
20720320000,0,155,144.29042811904,-37.472833790248
20720320000,0,156,144.29034109904856,-37.47289579024269
20720320000,0,157,144.29024809906065,-37.472933790236816
20720320000,0,158,144.2901590790735,-37.47295780023113
20720320000,0,159,144.28981907912,-37.47307379020956
20720320000,0,160,144.28934606920265,-37.47306179017846
20720320000,0,161,144.28930610922018,-37.47295880017521
20720320000,0,162,144.28928610922264,-37.47296779017395
20720320000,0,163,144.2891310892537,-37.472925790163515
20720320000,0,164,144.28885908930627,-37.47286979014534
20720320000,0,165,144.28854609936457,-37.47282678012455
20720320000,0,166,144.28846306937874,-37.47282780011912
20720320000,0,167,144.28843608938246,-37.472836790117405
20720320000,0,168,144.28842707938142,-37.472861780116965
20720320000,0,169,144.2884510893588,-37.473040790119654
20720320000,0,170,144.28848510933108,-37.47325280012321
20720320000,0,171,144.28846207931025,-37.47349278012318
20720320000,0,172,144.28829308929917,-37.47388180011453
20720320000,0,173,144.28800009930566,-37.47430780009797
20720320000,0,174,144.28776908931195,-37.474631790084835
20720320000,0,175,144.28757906930696,-37.47499679007466
20720320000,0,176,144.28740810930285,-37.47532178006547
20720320000,0,177,144.28729907928775,-37.475649790060345
20720320000,0,178,144.28725407925378,-37.47605379005992
20720320000,0,179,144.28722107922158,-37.47642080006005
20720320000,0,180,144.28721709919841,-37.47665179006122
20720320000,0,181,144.28711409919808,-37.47682680005555
20720320000,0,182,144.28908808890526,-37.47637279018217
20720320000,0,183,144.28942706874324,-37.47737678021063
20720320000,0,184,144.2888765388263,-37.477490190175246
20720320000,0,185,144.28893208879873,-37.477664790179965
20720320000,0,186,144.289484118716,-37.477545800215424
20720320000,0,187,144.2896640986301,-37.478077780230535
20720320000,0,188,144.29039208828388,-37.48021779029158
20720320000,0,189,144.2907731082342,-37.48006380031563
20720320000,0,190,144.2911920981857,-37.47983479034168
20720320000,0,191,144.29164107813332,-37.47959378036961
20720320000,0,192,144.29226606804963,-37.47936279040917
20720320000,0,193,144.29270308798837,-37.47922778043698
20720320000,0,194,144.29342008788663,-37.4790177904827
20720320000,0,195,144.29404409778897,-37.478923790523034
20720320000,0,196,144.29482110765719,-37.478904790573885
20720320000,0,197,144.29553508753656,-37.47888279062059
20720320000,0,198,144.29630209742947,-37.4786417906694
20720320000,0,199,144.2967990773618,-37.47846878070092
20720320000,0,200,144.29708706732816,-37.47831479071887
20720320000,0,201,144.29587409770318,-37.47670479062927
20720320000,0,202,144.29603907768788,-37.47657779063929
20720320000,0,203,144.2948442479934,-37.4756106405549
20720320000,0,204,144.2963211077278,-37.475721790652486
20720320000,0,205,144.29754411759862,-37.4749347807278
20720320000,0,206,144.29801025762,-37.47395140075228
20720320000,0,207,144.29864907752466,-37.4738098007933
20720320000,0,208,144.29867108747627,-37.47424179079744
20720320000,0,209,144.29884209744827,-37.47422779080856
20720320000,0,210,144.2991611073964,-37.47419880082931
20720320000,0,211,144.29921008743932,-37.47370179082942
20720320000,0,212,144.29942809740623,-37.473658780843465
20720320000,0,213,144.29932411748453,-37.47307379083301
20720320000,0,214,144.29925611753643,-37.47268479082613
20720320000,0,215,144.2997670773798,-37.4733497908638
20720320000,0,216,144.30046309730437,-37.47292080090679
20720320000,0,217,144.30065307726943,-37.472942800919384
20720320000,0,218,144.30081809717035,-37.47362680093447
20720320000,0,219,144.30095507711962,-37.473889790945094
20720320000,0,220,144.30102606709647,-37.473995800950426
20720320000,0,221,144.3006310671469,-37.47416579092556
20720320000,0,222,144.30079009709513,-37.47440180093746
20720320000,0,223,144.30118707704418,-37.474233800962466
20720320000,0,224,144.30127408701588,-37.47436280096896
20720320000,0,225,144.3014641069459,-37.474723790983695
20720320000,0,226,144.3012201069443,-37.47514579097031
20720320000,0,227,144.3013230668837,-37.47556079097965
20720320000,0,228,144.30174508675725,-37.476081781010585
20720320000,0,229,144.30177508672824,-37.47631279101398
20720320000,0,230,144.30161809672745,-37.47658178100537
20720320000,0,231,144.3018370966815,-37.47666179102023
20720320000,0,232,144.30183107666838,-37.476798791020684
20720320000,0,233,144.30182509665713,-37.47691780102104
20720320000,0,234,144.30037808686984,-37.477268800928265
20720320000,0,235,144.29958008696224,-37.477703790878614
20720320000,0,236,144.29958811683431,-37.47892878088677
20720320000,0,237,144.29875507687882,-37.47988579083806
20720320000,0,238,144.29899710678717,-37.48036979085695
20720320000,0,239,144.29850811685523,-37.48052580082585
20720320000,0,240,144.29935108653478,-37.482222780891725
20720320000,0,241,144.2994340865038,-37.48238479089816
20720320000,0,242,144.30074607632054,-37.481972790981686
20720320000,0,243,144.30136208608616,-37.48321479102984
20720320000,0,244,144.30136708601194,-37.48392478103458
20720320000,0,245,144.30142811595275,-37.48439579104153
20720320000,0,246,144.2829266393852,-37.48199694981324
20720320000,0,247,144.28643410088688,-37.46159577991618
20720320000,0,248,144.3016224780975,-37.46331096092304
20720320000,0,249,144.30219308799244,-37.4633778009609
20720320000,0,250,144.31335806594174,-37.464639791701686
20720320000,0,251,144.31328317593963,-37.46478509169768
20720320000,0,252,144.31318732592,-37.46513474169356
20720320000,0,253,144.3131885959089,-37.46523947169429
20720320000,0,254,144.31321290589204,-37.46536246169665
20720320000,0,255,144.31323867586667,-37.465565001699595
20720320000,0,256,144.31324827584922,-37.46571795170118
20720320000,0,257,144.31325097583382,-37.46586220170227
20720320000,0,258,144.3132352458304,-37.465921341701595
20720320000,0,259,144.31319564582876,-37.46600339169951
20720320000,0,260,144.3131507158249,-37.46611565169726
20720320000,0,261,144.31303245581879,-37.46637154169109
20720320000,0,262,144.31316812578302,-37.466491921700744
20720320000,0,263,144.31326269575385,-37.46661652170773
20720320000,0,264,144.31329393574129,-37.46668645171022
20720320000,0,265,144.3132856557354,-37.466756621710104
20720320000,0,266,144.313209555734,-37.46689733170599
20720320000,0,267,144.31305756574622,-37.46703175169686
20720320000,0,268,144.31283684577062,-37.46716288168317
20720320000,0,269,144.3125593058087,-37.467256691665526
20720320000,0,270,144.31232446584454,-37.46730054165039
20720320000,0,271,144.31210360588318,-37.46729438163584
20720320000,0,272,144.31190485591972,-37.467271531622636
20720320000,0,273,144.31170596595564,-37.46725497160947
20720320000,0,274,144.3114709060315,-37.46691209159192
20720330000,0,0,144.25669614675863,-37.74445668972274
20720330000,0,1,144.2573850767777,-37.74311878975956
20720330000,0,2,144.2575120667792,-37.74289179976648
20720330000,0,3,144.25927505648676,-37.742756789881035
20720330000,0,4,144.26067208646654,-37.74061177995923
20720330000,0,5,144.26261103610736,-37.74082479008749
20720330000,0,6,144.26338407605022,-37.740080800133505
20720330000,0,7,144.2635970860112,-37.740099800147576
20720330000,0,8,144.26385404595132,-37.7402468001653
20720330000,0,9,144.26423306586517,-37.740441790191326
20720330000,0,10,144.26461609576887,-37.740727800218174
20720330000,0,11,144.26499708568704,-37.74087780024404
20720330000,0,12,144.26539007562914,-37.740777780269156
20720330000,0,13,144.26562207560616,-37.74061079028332
20720330000,0,14,144.26584406556768,-37.74060979029786
20720330000,0,15,144.26605105549973,-37.74091779031331
20720330000,0,16,144.26629206544078,-37.741081790330114
20720330000,0,17,144.26685208534437,-37.741072790366715
20720330000,0,18,144.26738407525605,-37.74103279040132
20720330000,0,19,144.26811608514322,-37.7408938004484
20720330000,0,20,144.2685310450984,-37.74063078047396
20720330000,0,21,144.26903208504146,-37.74034080050498
20720330000,0,22,144.26942507499714,-37.74010979052929
20720330000,0,23,144.26984607493142,-37.74003778055643
20720330000,0,24,144.2703380548724,-37.73978280058707
20720330000,0,25,144.270847044796,-37.739666790619694
20720330000,0,26,144.27155507469274,-37.7394757906649
20720330000,0,27,144.27120704477764,-37.73924079064063
20720330000,0,28,144.2707040748769,-37.73912679060699
20720330000,0,29,144.2703990449402,-37.73902780058639
20720330000,0,30,144.27045806496238,-37.738715790588344
20720330000,0,31,144.27081405492768,-37.73845380061003
20720330000,0,32,144.27102907490186,-37.738342800623435
20720330000,0,33,144.27126307487634,-37.73819679063786
20720330000,0,34,144.27167504482154,-37.73803479066384
20720330000,0,35,144.2740660544721,-37.737398800816564
20720330000,0,36,144.2742490644188,-37.73760579082981
20720330000,0,37,144.27449806438068,-37.73755579084584
20720330000,0,38,144.27486106433193,-37.73741780086877
20720330000,0,39,144.2751620742743,-37.7374687808888
20720330000,0,40,144.27537906422413,-37.73758879090375
20720330000,0,41,144.2756100741699,-37.73772478091975
20720330000,0,42,144.275920074127,-37.73761880093941
20720330000,0,43,144.27623408407834,-37.737561780959616
20720330000,0,44,144.27641705404457,-37.737580800971735
20720330000,0,45,144.2766180640146,-37.73753279098461
20720330000,0,46,144.2768300539734,-37.73757479099875
20720330000,0,47,144.2771690639138,-37.737581801021015
20720330000,0,48,144.27851208376765,-37.73674179110384
20720330000,0,49,144.28160706343118,-37.73480378129471
20720330000,0,50,144.2821510533324,-37.734844801330624
20720330000,0,51,144.2818100731634,-37.73704078132184
20720330000,0,52,144.28207207310487,-37.73716579133979
20720330000,0,53,144.28227906305978,-37.73725379135389
20720330000,0,54,144.2824490830245,-37.73730879136539
20720330000,0,55,144.2826100429938,-37.7373347913761
20720330000,0,56,144.2827740729648,-37.737339781386886
20720330000,0,57,144.28302808293012,-37.737248801402984
20720330000,0,58,144.28327405290818,-37.73704880141787
20720330000,0,59,144.2835670428878,-37.73675479143526
20720330000,0,60,144.2839180628652,-37.73638479145598
20720330000,0,61,144.2842630528397,-37.73605379147654
20720330000,0,62,144.28450304282097,-37.73583279149091
20720330000,0,63,144.28470007280308,-37.73567580150287
20720330000,0,64,144.28504105275587,-37.735559791524494
20720330000,0,65,144.28542704269793,-37.735471801549274
20720330000,0,66,144.28572506265527,-37.73538379156826
20720330000,0,67,144.2858810626395,-37.73527479157782
20720330000,0,68,144.2861530626172,-37.735034791594174
20720330000,0,69,144.28627504260754,-37.73492379160147
20720330000,0,70,144.2864720725866,-37.734795791613614
20720330000,0,71,144.2868560925366,-37.734634791637795
20720330000,0,72,144.28708706250944,-37.734509801652166
20720330000,0,73,144.28722007249874,-37.73439079166015
20720330000,0,74,144.28734008249546,-37.73422179166698
20720330000,0,75,144.2874300524902,-37.73412180167226
20720330000,0,76,144.28758105247496,-37.734015791681514
20720330000,0,77,144.2878130824381,-37.73398279169651
20720330000,0,78,144.2880720923927,-37.733986791713534
20720330000,0,79,144.2884670523226,-37.734000791739504
20720330000,0,80,144.2886550622901,-37.73399879175184
20720330000,0,81,144.28879106226805,-37.73398379176065
20720330000,0,82,144.28886304225753,-37.73396479176525
20720330000,0,83,144.2889160722565,-37.73388579176825
20720330000,0,84,144.28905207225867,-37.73363778177564
20720330000,0,85,144.28918508225073,-37.73349178178346
20720330000,0,86,144.28928107224405,-37.733395791789164
20720330000,0,87,144.28939306223072,-37.73333679179614
20720330000,0,88,144.28961607219517,-37.73330578181057
20720330000,0,89,144.28978306216692,-37.73329879182148
20720330000,0,90,144.2899420521396,-37.73329579183188
20720330000,0,91,144.2901550721085,-37.73323879184551
20720330000,0,92,144.29033308208312,-37.73318579185685
20720330000,0,93,144.29051404205114,-37.73319079186876
20720330000,0,94,144.2907140620119,-37.733233801882136
20720330000,0,95,144.29099008196062,-37.73326579190042
20720330000,0,96,144.29116108193253,-37.73324978191155
20720330000,0,97,144.29135807190832,-37.73315379192388
20720330000,0,98,144.29157006188407,-37.73303280193704
20720330000,0,99,144.29172205186242,-37.73298679194673
20720330000,0,100,144.29188206183858,-37.73294879195699
20720330000,0,101,144.2920200718145,-37.73294979196604
20720330000,0,102,144.2921730817882,-37.73294679197607
20720330000,0,103,144.29239007188042,-37.73169780198258
20720330000,0,104,144.3023420500506,-37.73266579264155
20720330000,0,105,144.30704905918526,-37.73312280295337
20720330000,0,106,144.30701707916865,-37.73333579295257
20720330000,0,107,144.31716907728855,-37.734452783626224
20720330000,0,108,144.31986806678876,-37.73474878380539
20720330000,0,109,144.31971462673533,-37.73551729380005
20720330000,0,110,144.31890154640163,-37.74007663377483
20720330000,0,111,144.32040834563074,-37.74496213390404
20720330000,0,112,144.31902152512805,-37.75209884385702
20720330000,0,113,144.3188435550619,-37.753030173851094
20720330000,0,114,144.31547270568802,-37.75264581362727
20720330000,0,115,144.31561206574415,-37.75187479363165
20720330000,0,116,144.2892240606383,-37.74893179188146
20720330000,0,117,144.28897882068298,-37.748912181865244
20720330000,0,118,144.2771621328722,-37.747616031082586
20720330000,0,119,144.27065191408118,-37.74687418065145
20720330000,0,120,144.26758905465533,-37.74647351044837
20720330000,0,121,144.25634205675033,-37.745129799703726
20720330000,0,122,144.25669614675863,-37.74445668972274
20720340000,0,0,144.08772948618426,-37.45077247690352
20720340000,0,1,144.08771145619215,-37.450725466902064
20720340000,0,2,144.08766948620863,-37.45063446689877
20720340000,0,3,144.0876274762233,-37.450561466895614
20720340000,0,4,144.08762849622585,-37.450534476895506
20720340000,0,5,144.08760747623325,-37.45049747689391
20720340000,0,6,144.08760849623584,-37.45047046689381
20720340000,0,7,144.0875774662495,-37.4503884668913
20720340000,0,8,144.08754647626128,-37.45032545688889
20720340000,0,9,144.0875054862814,-37.45019745688544
20720340000,0,10,144.0874965162875,-37.45015246688459
20720340000,0,11,144.08747650629655,-37.450097466882944
20720340000,0,12,144.08743446631303,-37.450006466879664
20720340000,0,13,144.087330436355,-37.44977045687144
20720340000,0,14,144.08727845637696,-37.449642456867295
20720340000,0,15,144.08722743639774,-37.44952446686325
20720340000,0,16,144.0871874264185,-37.44938846685983
20720340000,0,17,144.0871364764412,-37.44925145685566
20720340000,0,18,144.08710446645418,-37.44917845685315
20720340000,0,19,144.08708446646315,-37.449124456851514
20720340000,0,20,144.0870644564749,-37.44904244684971
20720340000,0,21,144.08703646649266,-37.44891544684711
20720340000,0,22,144.0870154465027,-37.44885244684535
20720340000,0,23,144.08699543651173,-37.44879744684371
20720340000,0,24,144.08695444653173,-37.448670446840275
20720340000,0,25,144.0869454665397,-37.4486074368393
20720340000,0,26,144.08688542656947,-37.44841644683423
20720340000,0,27,144.08686641658113,-37.44833444683249
20720340000,0,28,144.0868464065928,-37.44825343683069
20720340000,0,29,144.08683841660147,-37.44818143682972
20720340000,0,30,144.08681939661312,-37.44809944682799
20720340000,0,31,144.086799396624,-37.448026446826226
20720340000,0,32,144.0867793966357,-37.44794544682444
20720340000,0,33,144.08677041664183,-37.447900436823566
20720340000,0,34,144.08676143664988,-37.44783644682259
20720340000,0,35,144.08674143665974,-37.44777343682091
20720340000,0,36,144.08672143667062,-37.44770043681915
20720340000,0,37,144.08671241667767,-37.44764645681823
20720340000,0,38,144.08670340668658,-37.447574456817215
20720340000,0,39,144.0866944266928,-37.44752844681634
20720340000,0,40,144.0866744267045,-37.447447446814536
20720340000,0,41,144.08665343671274,-37.44740143681289
20720340000,0,42,144.08664441671985,-37.44734743681198
20720340000,0,43,144.08663540672595,-37.44730244681111
20720340000,0,44,144.08662642673494,-37.447229446810084
20720340000,0,45,144.08660642674474,-37.44716645680839
20720340000,0,46,144.08661036675423,-37.447067436808034
20720340000,0,47,144.08660138676316,-37.446994436806996
20720340000,0,48,144.08660737677772,-37.44684144680644
20720340000,0,49,144.08661138678528,-37.446760456806196
20720340000,0,50,144.08663839679429,-37.446626436807115
20720340000,0,51,144.08667639679683,-37.446537456809004
20720340000,0,52,144.08668938680006,-37.44648345680952
20720340000,0,53,144.08672639680094,-37.44641244681147
20720340000,0,54,144.08676439680434,-37.446314456813326
20720340000,0,55,144.08678939680743,-37.44624245681448
20720340000,0,56,144.08681439680942,-37.44618043681572
20720340000,0,57,144.08683837680894,-37.44614443681706
20720340000,0,58,144.08695638680302,-37.44600344682381
20720340000,0,59,144.08698036680244,-37.44596844682515
20720340000,0,60,144.08700438680015,-37.445950446826586
20720340000,0,61,144.08706734679552,-37.44588945683029
20720340000,0,62,144.0871443567886,-37.44582744683489
20720340000,0,63,144.08728437677507,-37.445723456843304
20720340000,0,64,144.08737635676272,-37.445689446849045
20720340000,0,65,144.0874573467541,-37.445637446853965
20720340000,0,66,144.08749132674905,-37.44562945685611
20720340000,0,67,144.08759535673735,-37.44556844686247
20720340000,0,68,144.08762937673322,-37.44555143686458
20720340000,0,69,144.08768733672588,-37.44552544686816
20720340000,0,70,144.08775533671584,-37.44550944687246
20720340000,0,71,144.08781333670848,-37.44548345687605
20720340000,0,72,144.08791633669412,-37.445450446882525
20720340000,0,73,144.08795130668983,-37.44543344688468
20720340000,0,74,144.08817931665837,-37.445357446898974
20720340000,0,75,144.08824833664903,-37.44533243690328
20720340000,0,76,144.0883743366316,-37.44529044691117
20720340000,0,77,144.0884543066204,-37.4452654469162
20720340000,0,78,144.08855730660696,-37.44522345692261
20720340000,0,79,144.08868432658937,-37.44518143693056
20720340000,0,80,144.08871831658539,-37.44516341693265
20720340000,0,81,144.08890132655978,-37.445105426944146
20720340000,0,82,144.0890273265433,-37.44505441695198
20720340000,0,83,144.08907429653783,-37.44502842695487
20720340000,0,84,144.0892002965214,-37.44497742696271
20720340000,0,85,144.08922328651826,-37.44496942696414
20720340000,0,86,144.08930326650804,-37.44493442696911
20720340000,0,87,144.08938429649848,-37.44489143697409
20720340000,0,88,144.08944228649102,-37.444866426977676
20720340000,0,89,144.08955730647827,-37.4447974369847
20720340000,0,90,144.08963927646965,-37.444743436989675
20720340000,0,91,144.0896853064642,-37.44471941699249
20720340000,0,92,144.08974326645964,-37.44466641699593
20720340000,0,93,144.08980130645412,-37.44462242699942
20720340000,0,94,144.08987127644647,-37.444579437003675
20720340000,0,95,144.0899062764431,-37.44455341700577
20720340000,0,96,144.0899523064378,-37.444527427008595
20720340000,0,97,144.09003329642826,-37.44448443701358
20720340000,0,98,144.09009023642005,-37.444468437017164
20720340000,0,99,144.09013626641493,-37.444441427019974
20720340000,0,100,144.09018225640875,-37.44442441702284
20720340000,0,101,144.09028624639785,-37.44435543702915
20720340000,0,102,144.09034427639054,-37.44432942703275
20720340000,0,103,144.0904132663812,-37.44430442703705
20720340000,0,104,144.09047023637305,-37.44428842704065
20720340000,0,105,144.0905502463618,-37.44426343704567
20720340000,0,106,144.09060725635283,-37.44425542704931
20720340000,0,107,144.09067525634183,-37.44424842705368
20720340000,0,108,144.09075424632724,-37.44425841705885
20720340000,0,109,144.0908322863127,-37.444269427063965
20720340000,0,110,144.090888276301,-37.444289427067716
20720340000,0,111,144.09099923627804,-37.44432742707514
20720340000,0,112,144.0910212762723,-37.44434642707669
20720340000,0,113,144.0911552362444,-37.44439443708567
20720340000,0,114,144.0912222462299,-37.44442341709018
20720340000,0,115,144.09124425622417,-37.44444242709174
20720340000,0,116,144.09140025619234,-37.444491427102136
20720340000,0,117,144.09153424616528,-37.44453042711105
20720340000,0,118,144.09161228614892,-37.44455943711629
20720340000,0,119,144.0917462461219,-37.4445984271252
20720340000,0,120,144.09179124611313,-37.44460842712818
20720340000,0,121,144.09185826609956,-37.44462841713264
20720340000,0,122,144.09213825604428,-37.4446984271512
20720340000,0,123,144.09227228601725,-37.44473742716013
20720340000,0,124,144.09239524599212,-37.44477641716834
20720340000,0,125,144.09243923598248,-37.444796417171325
20720340000,0,126,144.09257325595547,-37.444835437180224
20720340000,0,127,144.092663235937,-37.44486442718624
20720340000,0,128,144.09271823592553,-37.444884427189926
20720340000,0,129,144.09280824590797,-37.44490441719588
20720340000,0,130,144.09289723588884,-37.44494241720188
20720340000,0,131,144.09297519587338,-37.44496241720705
20720340000,0,132,144.09304221585887,-37.444991427211576
20720340000,0,133,144.0930982358482,-37.445001437215254
20720340000,0,134,144.09316521583463,-37.44502143721972
20720340000,0,135,144.0932772358123,-37.44505142722717
20720340000,0,136,144.09334424579885,-37.44507042723162
20720340000,0,137,144.09346721577464,-37.44510042723977
20720340000,0,138,144.0935682457551,-37.445121427246434
20720340000,0,139,144.0936471957404,-37.44513243725162
20720340000,0,140,144.09372523572483,-37.445153427256805
20720340000,0,141,144.09378122571425,-37.4451624272605
20720340000,0,142,144.09381520570835,-37.44516341726269
20720340000,0,143,144.09393919568575,-37.44517542727081
20720340000,0,144,144.0939962456768,-37.44516743727444
20720340000,0,145,144.09405223566603,-37.44517842727814
20720340000,0,146,144.0941652456463,-37.44518142728548
20720340000,0,147,144.09445519559003,-37.44524343730464
20720340000,0,148,144.09459119556453,-37.44526443731358
20720340000,0,149,144.09474719553535,-37.44528742732383
20720340000,0,150,144.09490320550637,-37.445308427334055
20720340000,0,151,144.0950592054777,-37.445326407344275
20720340000,0,152,144.0951642454586,-37.44533641735115
20720340000,0,153,144.09530422543338,-37.445347407360295
20720340000,0,154,144.09549121539987,-37.445360407372476
20720340000,0,155,144.0957402153557,-37.44537341738869
20720340000,0,156,144.0965191652183,-37.44540639743934
20720340000,0,157,144.09677320517332,-37.44541940745589
20720340000,0,158,144.0969082151491,-37.44542841746468
20720340000,0,159,144.0970511851234,-37.44543940747401
20720340000,0,160,144.0973671650658,-37.44547140749468
20720340000,0,161,144.09753718503418,-37.44549440750584
20720340000,0,162,144.0977831949882,-37.445530407522
20720340000,0,163,144.09802916494198,-37.44556840753817
20720340000,0,164,144.09852016484956,-37.445646397570464
20720340000,0,165,144.09950216466427,-37.44580640763508
20720340000,0,166,144.09964517463712,-37.4458314076445
20720340000,0,167,144.10007316455543,-37.44591041767271
20720340000,0,168,144.10026315451927,-37.44594441768525
20720340000,0,169,144.10037217449877,-37.445961397692415
20720340000,0,170,144.1004121844914,-37.44596641769503
20720340000,0,171,144.10045116448447,-37.44596841769757
20720340000,0,172,144.10047817447983,-37.44596841769932
20720340000,0,173,144.10051416447382,-37.445966417701634
20720340000,0,174,144.10056117446624,-37.44596139770466
20720340000,0,175,144.10062413445635,-37.44595240770868
20720340000,0,176,144.10070914444344,-37.445935407714074
20720340000,0,177,144.10081911442708,-37.445910417721045
20720340000,0,178,144.10093212441038,-37.4458834077282
20720340000,0,179,144.10104213439442,-37.44585441773515
20720340000,0,180,144.10111513438397,-37.445833417739756
20720340000,0,181,144.10121112437054,-37.44580340774578
20720340000,0,182,144.10126514436317,-37.44578440774916
20720340000,0,183,144.10132712435484,-37.44576141775305
20720340000,0,184,144.10139713434555,-37.445734407757406
20720340000,0,185,144.10147714433526,-37.44570038776239
20720340000,0,186,144.10156711432396,-37.44565938776795
20720340000,0,187,144.10167011431133,-37.44560938777431
20720340000,0,188,144.10176914429948,-37.44555839778042
20720340000,0,189,144.10183308429217,-37.445522397784345
20720340000,0,190,144.10191612428298,-37.4454723877894
20720340000,0,191,144.101962084278,-37.4454433877922
20720340000,0,192,144.1020131042727,-37.445409397795295
20720340000,0,193,144.10207008426707,-37.44536838779873
20720340000,0,194,144.10213209426138,-37.44531939780246
20720340000,0,195,144.10216410425863,-37.44529238780435
20720340000,0,196,144.10219710425602,-37.44526239780631
20720340000,0,197,144.10223108425353,-37.445229397808305
20720340000,0,198,144.1022660842512,-37.44519338781035
20720340000,0,199,144.10230207424908,-37.445153397812426
20720340000,0,200,144.10233810424737,-37.44510938781448
20720340000,0,201,144.102375074246,-37.44506039781659
20720340000,0,202,144.10241106424544,-37.445005397818576
20720340000,0,203,144.10242909424525,-37.44497638781955
20720340000,0,204,144.10244811424576,-37.44493938782056
20720340000,0,205,144.1024741042476,-37.44487739782186
20720340000,0,206,144.10248308424943,-37.44484438782223
20720340000,0,207,144.10249311425216,-37.44480039782261
20720340000,0,208,144.10249709425412,-37.444774387822704
20720340000,0,209,144.10250304425932,-37.444713387822716
20720340000,0,210,144.10250406426306,-37.44467538782255
20720340000,0,211,144.10250304426768,-37.44463139782221
20720340000,0,212,144.10249706427823,-37.44453839782124
20720340000,0,213,144.10248906428905,-37.44444539782015
20720340000,0,214,144.10247103431115,-37.44425937781781
20720340000,0,215,144.10246205432531,-37.444135397816474
20720340000,0,216,144.10245807433324,-37.44406439781578
20720340000,0,217,144.10245107435546,-37.44385839781403
20720340000,0,218,144.10244705437714,-37.443652397812485
20720340000,0,219,144.10244603439136,-37.44351438781156
20720340000,0,220,144.10244701440988,-37.44333138781048
20720340000,0,221,144.10245001442004,-37.44322639781004
20720340000,0,222,144.10245501443143,-37.4431063878096
20720340000,0,223,144.10246300444402,-37.44296939780927
20720340000,0,224,144.10247603445768,-37.442813387809146
20720340000,0,225,144.10248505446333,-37.44274238780929
20720340000,0,226,144.10249702446853,-37.44267139780963
20720340000,0,227,144.10250804447142,-37.44262438781004
20720340000,0,228,144.10252403447487,-37.4425633978107
20720340000,0,229,144.10254903447895,-37.44248138781181
20720340000,0,230,144.10258601448257,-37.44238338781359
20720340000,0,231,144.1026109744844,-37.442323397814846
20720340000,0,232,144.102642004486,-37.44225538781643
20720340000,0,233,144.1026799944873,-37.44217839781841
20720340000,0,234,144.10272598448847,-37.442089387820836
20720340000,0,235,144.102781984489,-37.44198939782384
20720340000,0,236,144.10284997448903,-37.44187439782754
20720340000,0,237,144.10288600448877,-37.4418163678295
20720340000,0,238,144.10292297448822,-37.44175936783155
20720340000,0,239,144.1029490044875,-37.44172236783301
20720340000,0,240,144.1029849944863,-37.441673377835045
20720340000,0,241,144.103034994484,-37.441611367837886
20720340000,0,242,144.10306496448243,-37.441576367839616
20720340000,0,243,144.10310099448031,-37.4415363678417
20720340000,0,244,144.1031439844774,-37.441492377844206
20720340000,0,245,144.10319596447354,-37.441442367847266
20720340000,0,246,144.10325896446844,-37.441386367851
20720340000,0,247,144.10329396446545,-37.4413563778531
20720340000,0,248,144.1033569644597,-37.44130637785686
20720340000,0,249,144.1034199644538,-37.44125836786064
20720340000,0,250,144.10346296444953,-37.44122737786324
20720340000,0,251,144.1035209544436,-37.44118736786673
20720340000,0,252,144.10359998443522,-37.44113637787155
20720340000,0,253,144.10364597443018,-37.44110836787435
20720340000,0,254,144.1036989644242,-37.4410773678776
20720340000,0,255,144.10376098441702,-37.4410433778814
20720340000,0,256,144.1038339844081,-37.44100737788591
20720340000,0,257,144.1039189543975,-37.440968377891174
20720340000,0,258,144.1039649843915,-37.44094937789404
20720340000,0,259,144.1040159343848,-37.44092936789723
20720340000,0,260,144.10412992436935,-37.44088836790436
20720340000,0,261,144.10420292435904,-37.44086637790895
20720340000,0,262,144.10432395434157,-37.440833367916575
20720340000,0,263,144.10438995433174,-37.44081836792077
20720340000,0,264,144.10447693431863,-37.44080036792629
20720340000,0,265,144.10459493430045,-37.440779367933814
20720340000,0,266,144.10466194429006,-37.440768377938085
20720340000,0,267,144.10472494428015,-37.440759367942114
20720340000,0,268,144.1047869242703,-37.44075137794608
20720340000,0,269,144.10491193425023,-37.44073736795409
20720340000,0,270,144.10499493423674,-37.44072937795942
20720340000,0,271,144.1051069242184,-37.440720367966634
20720340000,0,272,144.10555389414466,-37.4406893679954
20720340000,0,273,144.10568190412368,-37.44067937800362
20720340000,0,274,144.10582688410025,-37.44066436801294
20720340000,0,275,144.10598689407487,-37.44064337802316
20720340000,0,276,144.10607887406067,-37.44062736802904
20720340000,0,277,144.10616892404693,-37.44061036803477
20720340000,0,278,144.10622889403803,-37.44059636803857
20720340000,0,279,144.10635087402062,-37.44056137804626
20720340000,0,280,144.10640091401373,-37.440544378049395
20720340000,0,281,144.10645690400634,-37.44052236805289
20720340000,0,282,144.1065208939982,-37.44049437805687
20720340000,0,283,144.10655388399417,-37.440478368058905
20720340000,0,284,144.10658991398992,-37.440459368061106
20720340000,0,285,144.1066519239829,-37.440423368064906
20720340000,0,286,144.10667689398025,-37.44040736806643
20720340000,0,287,144.1067228839757,-37.44037436806921
20720340000,0,288,144.10675190397293,-37.44035236807095
20720340000,0,289,144.1067879239699,-37.4403213780731
20720340000,0,290,144.10683285396655,-37.44027836807574
20720340000,0,291,144.10685687396497,-37.440253378077145
20720340000,0,292,144.1068838839634,-37.4402233680787
20720340000,0,293,144.1069468439602,-37.44014834808232
20720340000,0,294,144.10698488395857,-37.440100358084486
20720340000,0,295,144.10702787395687,-37.44004435808692
20720340000,0,296,144.10706686395557,-37.439991358089124
20720340000,0,297,144.10710387395457,-37.43993835809118
20720340000,0,298,144.1071268639543,-37.439902358092446
20720340000,0,299,144.1071548639544,-37.43985434809397
20720340000,0,300,144.10716887395483,-37.439826358094706
20720340000,0,301,144.10718285395566,-37.43979435809542
20720340000,0,302,144.107197853957,-37.439756358096155
20720340000,0,303,144.10721085395915,-37.43971335809672
20720340000,0,304,144.10722187396215,-37.43966535809714
20720340000,0,305,144.1072288839658,-37.43961736809729
20720340000,0,306,144.10723187396857,-37.439585358097304
20720340000,0,307,144.1072338839726,-37.43954234809716
20720340000,0,308,144.10723286397868,-37.43948434809673
20720340000,0,309,144.1072308539823,-37.439452358096396
20720340000,0,310,144.10722585398705,-37.43941435809584
20720340000,0,311,144.10721986399244,-37.43937134809518
20720340000,0,312,144.10721081399902,-37.43932235809429
20720340000,0,313,144.10719782400693,-37.439266368093094
20720340000,0,314,144.1071808540163,-37.43920334809161
20720340000,0,315,144.10715884402717,-37.43913334808975
20720340000,0,316,144.10713084404009,-37.43905435808744
20720340000,0,317,144.10711985404475,-37.43902735808656
20720340000,0,318,144.10710785404956,-37.43900034808561
20720340000,0,319,144.1070808340596,-37.43894734808352
20720340000,0,320,144.1070608340666,-37.43891234808201
20720340000,0,321,144.10699185408947,-37.43880435807687
20720340000,0,322,144.10681884414402,-37.438561348064155
20720340000,0,323,144.1067738341589,-37.438491358060794
20720340000,0,324,144.10675186416654,-37.43845335805913
20720340000,0,325,144.1067308441743,-37.43841234805751
20720340000,0,326,144.10671084418217,-37.43836935805596
20720340000,0,327,144.10669185419033,-37.43832134805442
20720340000,0,328,144.10666484420364,-37.438236358052144
20720340000,0,329,144.10664083421656,-37.43815034805006
20720340000,0,330,144.10662681422497,-37.43809135804877
20720340000,0,331,144.10661083423574,-37.438012358047246
20720340000,0,332,144.10660382424166,-37.437966348046515
20720340000,0,333,144.10659681424823,-37.437913348045726
20720340000,0,334,144.10659079425542,-37.43785334804497
20720340000,0,335,144.10658681426312,-37.437784348044275
20720340000,0,336,144.10658579427124,-37.43770634804372
20720340000,0,337,144.1065878342752,-37.4376643580436
20720340000,0,338,144.10659079427924,-37.43761936804351
20720340000,0,339,144.10659582428332,-37.43757135804353
20720340000,0,340,144.10660382428702,-37.43752134804374
20720340000,0,341,144.10661382429083,-37.43746734804405
20720340000,0,342,144.1066278342941,-37.43741134804461
20720340000,0,343,144.1066457942971,-37.4373513580454
20720340000,0,344,144.10667079429976,-37.437283348046606
20720340000,0,345,144.1066998143015,-37.43721735804807
20720340000,0,346,144.10672179430222,-37.43717334804922
20720340000,0,347,144.10675277430266,-37.437116348050886
20720340000,0,348,144.10679679430277,-37.43704134805326
20720340000,0,349,144.1068567643017,-37.436950348056584
20720340000,0,350,144.10689578430072,-37.43689434805878
20720340000,0,351,144.1069997742974,-37.43675135806462
20720340000,0,352,144.107035794296,-37.436704358066656
20720340000,0,353,144.10708379429386,-37.43664435806939
20720340000,0,354,144.1071137642922,-37.43661035807113
20720340000,0,355,144.1071477842902,-37.43657235807309
20720340000,0,356,144.10718975428728,-37.43653035807555
20720340000,0,357,144.10723976428346,-37.436483348078504
20720340000,0,358,144.1072997642781,-37.43643434808209
20720340000,0,359,144.1073357542746,-37.43640835808426
20720340000,0,360,144.1073777342701,-37.43638135808681
20720340000,0,361,144.1074527342614,-37.43634034809142
20720340000,0,362,144.1074947542561,-37.43632134809402
20720340000,0,363,144.10755176424868,-37.436298358097574
20720340000,0,364,144.1076307442378,-37.43627135810253
20720340000,0,365,144.1078787242032,-37.436192348118105
20720340000,0,366,144.10795873419232,-37.43616435812313
20720340000,0,367,144.10800706418595,-37.436145228126136
20720340000,0,368,144.10800575418298,-37.43617636812623
20720340000,0,369,144.10801075417817,-37.436215358126816
20720340000,0,370,144.10801374417417,-37.43624934812721
20720340000,0,371,144.10803374416247,-37.43633035812903
20720340000,0,372,144.10805374415162,-37.43640335813077
20720340000,0,373,144.10807374414358,-37.43644834813233
20720340000,0,374,144.1081267441232,-37.436558348136465
20720340000,0,375,144.10815773411045,-37.43663135813893
20720340000,0,376,144.10821175409464,-37.436695368142836
20720340000,0,377,144.10825471408162,-37.43675036814596
20720340000,0,378,144.10828672407146,-37.436796358148314
20720340000,0,379,144.10831976406294,-37.43682436815064
20720340000,0,380,144.10836272405086,-37.436870358153705
20720340000,0,381,144.10839673404396,-37.436880368155954
20720340000,0,382,144.1084507240282,-37.43694435815987
20720340000,0,383,144.10851675401204,-37.43699135816444
20720340000,0,384,144.10858321399675,-37.43702884816898
20720340000,0,385,144.10862672398545,-37.43706635817204
20720340000,0,386,144.10869300396934,-37.437112628176614
20720340000,0,387,144.1087923639465,-37.437169058183414
20720340000,0,388,144.1088920839245,-37.43721657819017
20720340000,0,389,144.1089687639056,-37.43727235819549
20720340000,0,390,144.1090907438779,-37.43733834820382
20720340000,0,391,144.10915743386255,-37.43737623820836
20720340000,0,392,144.10924561384167,-37.437432498214434
20720340000,0,393,144.10934460381796,-37.437498008221255
20720340000,0,394,144.10942176379896,-37.437554358226606
20720340000,0,395,144.10949878378008,-37.437609358231946
20720340000,0,396,144.10957579376105,-37.43766635823728
20720340000,0,397,144.1096524137422,-37.4377217382426
20720340000,0,398,144.1098167736997,-37.43786135825413
20720340000,0,399,144.10993791367034,-37.437945038262505
20720340000,0,400,144.11001474365136,-37.43800134826783
20720340000,0,401,144.11009179363333,-37.43804835827313
20720340000,0,402,144.11022378360113,-37.43814135828225
20720340000,0,403,144.11031277358106,-37.438188348288314
20720340000,0,404,144.11041179355732,-37.43825435829515
20720340000,0,405,144.11048902353926,-37.43830090830045
20720340000,0,406,144.11058878351633,-37.438357348307264
20720340000,0,407,144.11069977349237,-37.438405338314766
20720340000,0,408,144.11092177344264,-37.43851833832986
20720340000,0,409,144.11103276341868,-37.43856633833735
20720340000,0,410,144.11113201339583,-37.438623008344145
20720340000,0,411,144.11124289337096,-37.43867979835169
20720340000,0,412,144.11133177335174,-37.43871833835768
20720340000,0,413,144.11144277332693,-37.438774338365235
20720340000,0,414,144.11161979328682,-37.438869338377295
20720340000,0,415,144.11173032326107,-37.43893504838488
20720340000,0,416,144.111796203245,-37.43898166838944
20720340000,0,417,144.11186175322803,-37.43903733839403
20720340000,0,418,144.11195026320706,-37.439093608400114
20720340000,0,419,144.11203775318359,-37.43917633840631
20720340000,0,420,144.1120917431686,-37.43923220841015
20720340000,0,421,144.11216806314792,-37.43930619841556
20720340000,0,422,144.11222277313286,-37.43936133841945
20720340000,0,423,144.11226577311987,-37.43941633842259
20720340000,0,424,144.11230884310774,-37.439462798425666
20720340000,0,425,144.11234078309667,-37.439517338428075
20720340000,0,426,144.1123727930865,-37.439563348430426
20720340000,0,427,144.11245875305866,-37.4396913484368
20720340000,0,428,144.11250079304475,-37.43975633843994
20720340000,0,429,144.11254357303,-37.439829008443155
20720340000,0,430,144.11259719301333,-37.43990235844709
20720340000,0,431,144.1126287630023,-37.43995733844948
20720340000,0,432,144.11265979298764,-37.44004833845206
20720340000,0,433,144.11269045297496,-37.4401208784545
20720340000,0,434,144.11272067295957,-37.44022077845708
20720340000,0,435,144.11274082294966,-37.44028434845879
20720340000,0,436,144.11274980294257,-37.4403383484597
20720340000,0,437,144.11278181290294,-37.44067335846386
20720340000,0,438,144.11277980289603,-37.44074434846418
20720340000,0,439,144.11278765288634,-37.440826118465196
20720340000,0,440,144.1127727928797,-37.44091635846479
20720340000,0,441,144.1127577928723,-37.44101435846442
20720340000,0,442,144.11274118286138,-37.4411494084642
20720340000,0,443,144.11271582285622,-37.441242348463135
20720340000,0,444,144.11271238284985,-37.44131085846333
20720340000,0,445,144.11269943284748,-37.44135558846276
20720340000,0,446,144.11268983282346,-37.441607348463705
20720340000,0,447,144.11269782281283,-37.441698358464805
20720340000,0,448,144.1127066228049,-37.44176121846577
20720340000,0,449,144.11272717279581,-37.441815848467435
20720340000,0,450,144.11273585278877,-37.441870348468335
20720340000,0,451,144.11276786277676,-37.441933938470804
20720340000,0,452,144.11278787276592,-37.44200635847255
20720340000,0,453,144.11283046275298,-37.44206163847565
20720340000,0,454,144.1128628727427,-37.442107448478055
20720340000,0,455,144.11300482270596,-37.442228358488
20720340000,0,456,144.1130708126899,-37.44227434849256
20720340000,0,457,144.11313721267462,-37.44231236849711
20720340000,0,458,144.11318185266407,-37.442340358500175
20720340000,0,459,144.113247372648,-37.44238716850472
20720340000,0,460,144.11333584262707,-37.44244334851081
20720340000,0,461,144.11341224260732,-37.44250839851617
20720340000,0,462,144.1134888525884,-37.442564358521466
20720340000,0,463,144.11355517257223,-37.442610998526064
20720340000,0,464,144.1136428425505,-37.44267635853215
20720340000,0,465,144.11371986253152,-37.442732358537505
20720340000,0,466,144.1137744225165,-37.442787578541385
20720340000,0,467,144.11383983249772,-37.44286135854608
20720340000,0,468,144.11388312248562,-37.44290736854917
20720340000,0,469,144.11392583247266,-37.44296234855229
20720340000,0,470,144.1139788324524,-37.4430713485564
20720340000,0,471,144.11402982242944,-37.44321035856058
20720340000,0,472,144.11414183240927,-37.4432193485679
20720340000,0,473,144.11423184239257,-37.44323135857382
20720340000,0,474,144.11432182237505,-37.44325135857976
20720340000,0,475,144.11459184232524,-37.44328435859748
20720340000,0,476,144.11470386230374,-37.443306358604886
20720340000,0,477,144.1147938322871,-37.44331736861079
20720340000,0,478,144.1150628422338,-37.44338634862865
20720340000,0,479,144.1151398522176,-37.443415358633835
20720340000,0,480,144.11522983219913,-37.44344434863985
20720340000,0,481,144.11528582218838,-37.443455338643545
20720340000,0,482,144.11533082217872,-37.44347433864658
20720340000,0,483,144.11537484217013,-37.4434843486495
20720340000,0,484,144.11541985216044,-37.44350334865254
20720340000,0,485,144.11545284215373,-37.443513338654746
20720340000,0,486,144.11553084213736,-37.443542338659974
20720340000,0,487,144.1155398621294,-37.44360533866096
20720340000,0,488,144.1155388321268,-37.44363234866106
20720340000,0,489,144.11555884211685,-37.44369633866276
20720340000,0,490,144.11557986210866,-37.4437413286644
20720340000,0,491,144.1155998620987,-37.443805338666095
20720340000,0,492,144.11563184208845,-37.44385132866846
20720340000,0,493,144.11564184208308,-37.44388732866932
20720340000,0,494,144.11569586206633,-37.44396034867328
20720340000,0,495,144.1157388220524,-37.444024358676465
20720340000,0,496,144.11579185203576,-37.44409835868037
20720340000,0,497,144.11583584202347,-37.44414434868351
20720340000,0,498,144.11589084200932,-37.44419035868736
20720340000,0,499,144.11594482199524,-37.44423732869115
20720340000,0,500,144.1159888419839,-37.444274328694235
20720340000,0,501,144.11605484196784,-37.44432033869881
20720340000,0,502,144.1161318519489,-37.44437633870414
20720340000,0,503,144.11620883193086,-37.44442332870943
20720340000,0,504,144.11629782191065,-37.44447133871551
20720340000,0,505,144.1163858218898,-37.444527338721564
20720340000,0,506,144.1164528318754,-37.444555328726075
20720340000,0,507,144.11647484187057,-37.444565338727564
20720340000,0,508,144.11655186185345,-37.444603338732804
20720340000,0,509,144.11663084183692,-37.444632338738096
20720340000,0,510,144.11669683182262,-37.44466133874256
20720340000,0,511,144.11683083179375,-37.444718328751605
20720340000,0,512,144.1170648317446,-37.444805338767324
20720340000,0,513,144.1171538517254,-37.44484333877334
20720340000,0,514,144.11723083170827,-37.44488133877857
20720340000,0,515,144.11733186168703,-37.444919338785354
20720340000,0,516,144.11740982167038,-37.44495133879062
20720340000,0,517,144.1174878616552,-37.44496833879578
20720340000,0,518,144.11775585160012,-37.44505634881371
20720340000,0,519,144.11786684157713,-37.445094348821144
20720340000,0,520,144.1179788215548,-37.44512432882859
20720340000,0,521,144.1180908415316,-37.4451633288361
20720340000,0,522,144.11821385150824,-37.44518432884421
20720340000,0,523,144.11833685148312,-37.44522334885243
20720340000,0,524,144.1184488314608,-37.44525332885989
20720340000,0,525,144.11857184143562,-37.445292328868106
20720340000,0,526,144.11878383139222,-37.44536033888228
20720340000,0,527,144.11882884138254,-37.445379338885324
20720340000,0,528,144.11888384137103,-37.445399338889004
20720340000,0,529,144.11893983135855,-37.44542734889282
20720340000,0,530,144.11900582134422,-37.44545632889727
20720340000,0,531,144.11908386132785,-37.44548533890252
20720340000,0,532,144.11926183128764,-37.44557933891465
20720340000,0,533,144.11933881126959,-37.445626328919936
20720340000,0,534,144.11942682124968,-37.44567333892593
20720340000,0,535,144.11949383123422,-37.44571133893052
20720340000,0,536,144.11957187121774,-37.44574134893577
20720340000,0,537,144.11964884119982,-37.44578733894105
20720340000,0,538,144.11974885117692,-37.44584333894789
20720340000,0,539,144.11983686115687,-37.445891338953885
20720340000,0,540,144.1199258411368,-37.445938328959954
20720340000,0,541,144.12000282111782,-37.44599432896529
20720340000,0,542,144.12005783110456,-37.4460313289691
20720340000,0,543,144.12021186106665,-37.44614332897979
20720340000,0,544,144.12028884104697,-37.44620633898518
20720340000,0,545,144.1203438410335,-37.44624533898898
20720340000,0,546,144.1204088510166,-37.44630133899355
20720340000,0,547,144.12055083097798,-37.44644032900363
20720340000,0,548,144.12060485096126,-37.44651332900759
20720340000,0,549,144.12065884094727,-37.44655933901137
20720340000,0,550,144.12074483092127,-37.44666933901763
20720340000,0,551,144.12079984090607,-37.446725339021555
20720340000,0,552,144.1208758608854,-37.44679933902694
20720340000,0,553,144.12093083087038,-37.44685433903086
20720340000,0,554,144.1209738308582,-37.44690132903394
20720340000,0,555,144.1210168308452,-37.446956329037064
20720340000,0,556,144.121059860834,-37.44699332904009
20720340000,0,557,144.1210928608236,-37.44703933904252
20720340000,0,558,144.12116885080206,-37.44712232904796
20720340000,0,559,144.12124484078154,-37.447195329053336
20720340000,0,560,144.1212888307693,-37.44724133905648
20720340000,0,561,144.12136486074854,-37.447316339061885
20720340000,0,562,144.12141884073364,-37.44737134906572
20720340000,0,563,144.12145081072347,-37.44741732906809
20720340000,0,564,144.1215048307076,-37.44748134907199
20720340000,0,565,144.12161185067052,-37.44766434908007
20720340000,0,566,144.12164284065958,-37.447719329082425
20720340000,0,567,144.12170686063834,-37.44781933908721
20720340000,0,568,144.12173887062622,-37.44788432908968
20720340000,0,569,144.12184687059457,-37.44801232909747
20720340000,0,570,144.12188987058062,-37.448076339100666
20720340000,0,571,144.12192389057142,-37.44810934910309
20720340000,0,572,144.12199886055146,-37.44817832910838
20720340000,0,573,144.1220308705413,-37.44822433911074
20720340000,0,574,144.12208485052722,-37.44827132911453
20720340000,0,575,144.1221508505093,-37.44833533911922
20720340000,0,576,144.12222684048774,-37.448418329124664
20720340000,0,577,144.12229188046913,-37.44849133912933
20720340000,0,578,144.12248588041226,-37.448721339143354
20720340000,0,579,144.122592860377,-37.448886349151316
20720340000,0,580,144.12265688035566,-37.44898733915611
20720340000,0,581,144.12270988033634,-37.44908732916017
20720340000,0,582,144.12276186031528,-37.44920633916428
20720340000,0,583,144.1229168702505,-37.44957933917665
20720340000,0,584,144.12294687023697,-37.44966132917911
20720340000,0,585,144.12297790022143,-37.449761339181755
20720340000,0,586,144.12303889019327,-37.44993432918678
20720340000,0,587,144.12307791016994,-37.45009733919033
20720340000,0,588,144.1230959001566,-37.450197329192115
20720340000,0,589,144.12309291014884,-37.45027833919243
20720340000,0,590,144.12310189013994,-37.45035033919345
20720340000,0,591,144.1230909001106,-37.45065632919464
20720340000,0,592,144.12306287010176,-37.450790329193666
20720340000,0,593,144.12305995009584,-37.45085333919387
20720340000,0,594,144.12303196008514,-37.45100533919299
20720340000,0,595,144.12302794007655,-37.4510963391933
20720340000,0,596,144.1230139300707,-37.451177329192895
20720340000,0,597,144.1230129400681,-37.451204339193005
20720340000,0,598,144.123021920061,-37.45125833919392
20720340000,0,599,144.12301995005595,-37.451311349194114
20720340000,0,600,144.1230389300424,-37.45141233919599
20720340000,0,601,144.12306992002883,-37.45149332919849
20720340000,0,602,144.12309996001525,-37.45157533920095
20720340000,0,603,144.123195949982,-37.4517393392082
20720340000,0,604,144.12322689997092,-37.451795339210555
20720340000,0,605,144.1232489499644,-37.45182232921215
20720340000,0,606,144.12328194995496,-37.45185932921453
20720340000,0,607,144.12331391994394,-37.45191333921693
20720340000,0,608,144.12336691992817,-37.45197833922078
20720340000,0,609,144.1234099099133,-37.45205134922402
20720340000,0,610,144.1234639298966,-37.45212434922799
20720340000,0,611,144.1234949198855,-37.45218034923033
20720340000,0,612,144.12358094985774,-37.45230732923672
20720340000,0,613,144.12362398984556,-37.452354339239804
20720340000,0,614,144.12364894983747,-37.45239133924164
20720340000,0,615,144.12371096982025,-37.45245532924607
20720340000,0,616,144.1237649898043,-37.45252033924998
20720340000,0,617,144.12381998979018,-37.452566329253834
20720340000,0,618,144.12386294977807,-37.45261233925691
20720340000,0,619,144.1239179597639,-37.452658329260764
20720340000,0,620,144.1239719797489,-37.452714329264616
20720340000,0,621,144.12403796973274,-37.452761339269195
20720340000,0,622,144.1242669696707,-37.45298333928543
20720340000,0,623,144.12441796962693,-37.45315732929631
20720340000,0,624,144.124460969613,-37.453221339299496
20720340000,0,625,144.12448195960388,-37.45327533930119
20720340000,0,626,144.12452396958827,-37.453357329304445
20720340000,0,627,144.1245429495757,-37.453448339306235
20720340000,0,628,144.12458396955833,-37.45354934930953
20720340000,0,629,144.1246039695475,-37.45362134931127
20720340000,0,630,144.12461196953788,-37.4537023393123
20720340000,0,631,144.124631969527,-37.45377533931405
20720340000,0,632,144.08772948618426,-37.45077247690352
20720350000,0,0,144.1295776746166,-37.49349772988197
20720350000,0,1,144.12786013538053,-37.488920769742045
20720350000,0,2,144.12384710627552,-37.48692977946923
20720350000,0,3,144.12293511658382,-37.48545077940086
20720350000,0,4,144.1229421266392,-37.48489677939787
20720350000,0,5,144.12376012697666,-37.48021477942186
20720350000,0,6,144.11978414784136,-37.478454789152956
20720350000,0,7,144.12097021781076,-37.476754429219326
20720350000,0,8,144.11699510867518,-37.47499478895053
20720350000,0,9,144.11820913864395,-37.47325278901845
20720350000,0,10,144.11883412844375,-37.47415876906463
20720350000,0,11,144.11969019826122,-37.47450255912229
20720350000,0,12,144.12112708798367,-37.474796779217336
20720350000,0,13,144.12235411780716,-37.47445578929483
20720350000,0,14,144.12299110773822,-37.47405677933367
20720350000,0,15,144.12370012760337,-37.47418178938047
20720350000,0,16,144.12398211757932,-37.473941789397266
20720350000,0,17,144.12715882689557,-37.47527871961173
20720350000,0,18,144.12783644678697,-37.47519937965522
20720350000,0,19,144.12781144678576,-37.475253379653935
20720350000,0,20,144.127785456783,-37.475324379652704
20720350000,0,21,144.1277844367794,-37.47536137965286
20720350000,0,22,144.1277934467714,-37.475424369653844
20720350000,0,23,144.12782341675694,-37.47551537965635
20720350000,0,24,144.12786046674412,-37.47557836965915
20720350000,0,25,144.12788743673386,-37.475633369661224
20720350000,0,26,144.12791944672273,-37.47568836966365
20720350000,0,27,144.12795047671094,-37.47575137966606
20720350000,0,28,144.12798248670074,-37.47579736966842
20720350000,0,29,144.1280254766858,-37.47587136967167
20720350000,0,30,144.12806745667206,-37.47593437967479
20720350000,0,31,144.1281854566348,-37.47610037968347
20720350000,0,32,144.12829448660477,-37.476210379691246
20720350000,0,33,144.12836047658678,-37.476275369695934
20720350000,0,34,144.12843646656705,-37.47634037970127
20720350000,0,35,144.12846946655668,-37.4763863697037
20720350000,0,36,144.12851147654288,-37.47645038970682
20720350000,0,37,144.12852147653746,-37.47648636970769
20720350000,0,38,144.12854246652824,-37.47654136970939
20720350000,0,39,144.12854049652398,-37.47658637970954
20720350000,0,40,144.12855045651767,-37.47663136971047
20720350000,0,41,144.1285474665126,-37.47668636971063
20720350000,0,42,144.128555456502,-37.47677636971171
20720350000,0,43,144.12854947648648,-37.47693837971233
20720350000,0,44,144.1285574664759,-37.477028379713396
20720350000,0,45,144.12855144646133,-37.477181379713954
20720350000,0,46,144.12856049645413,-37.47723636971488
20720350000,0,47,144.12855845644813,-37.47729836971513
20720350000,0,48,144.1285664864384,-37.477380379716166
20720350000,0,49,144.12858747642923,-37.477434379717856
20720350000,0,50,144.1285964864231,-37.47747936971872
20720350000,0,51,144.1286064564176,-37.47751636971961
20720350000,0,52,144.12862849641192,-37.477534369721155
20720350000,0,53,144.12869248639151,-37.47762636972588
20720350000,0,54,144.12875847637454,-37.4776813697305
20720350000,0,55,144.12883647635633,-37.47772837973586
20720350000,0,56,144.1288904563422,-37.47777536973965
20720350000,0,57,144.12902247630814,-37.4778863497489
20720350000,0,58,144.1290874462903,-37.47795135975354
20720350000,0,59,144.12915249627162,-37.47802435975821
20720350000,0,60,144.12924746623838,-37.4781893697654
20720350000,0,61,144.12928746621668,-37.47833434976889
20720350000,0,62,144.12929648621045,-37.47838035976977
20720350000,0,63,144.12929447620263,-37.47846034977014
20720350000,0,64,144.1293024661947,-37.47852435977105
20720350000,0,65,144.1292894761924,-37.47856835977048
20720350000,0,66,144.12927648618916,-37.47862235976998
20720350000,0,67,144.1292624661842,-37.47869435976951
20720350000,0,68,144.1291754861773,-37.47890834976519
20720350000,0,69,144.12911547617946,-37.47898835976179
20720350000,0,70,144.12910350617886,-37.47901434976118
20720350000,0,71,144.1290445261827,-37.47907634975773
20720350000,0,72,144.12897451618844,-37.479138359753584
20720350000,0,73,144.128893526199,-37.47917136974852
20720350000,0,74,144.12885950620299,-37.47918937974643
20720350000,0,75,144.12880150621046,-37.479214379742814
20720350000,0,76,144.12873252621785,-37.47925836973862
20720350000,0,77,144.1286514962274,-37.47930137973363
20720350000,0,78,144.12860550623265,-37.4793273697308
20720350000,0,79,144.12858049623156,-37.47938037972951
20720350000,0,80,144.12855451622775,-37.47946136972833
20720350000,0,81,144.12855352622427,-37.479497369728485
20720350000,0,82,144.12854053622382,-37.47952337972781
20720350000,0,83,144.1285514862182,-37.47956037972875
20720350000,0,84,144.12854852621317,-37.479614379728886
20720350000,0,85,144.12855848620592,-37.47966836972987
20720350000,0,86,144.12855451619555,-37.47977636973029
20720350000,0,87,144.1285285561928,-37.479847369729036
20720350000,0,88,144.12839551619209,-37.480078379721846
20720350000,0,89,144.12837153619162,-37.480123369720566
20720350000,0,90,144.12834751619312,-37.480149369719165
20720350000,0,91,144.12832353619265,-37.48019437971789
20720350000,0,92,144.12831054619025,-37.48023936971733
20720350000,0,93,144.12828554618827,-37.480301379716074
20720350000,0,94,144.12827254618588,-37.48034636971553
20720350000,0,95,144.12825853618185,-37.48040938971501
20720350000,0,96,144.12825254616828,-37.4805523697155
20720350000,0,97,144.1282405361667,-37.48058836971495
20720350000,0,98,144.12823152614524,-37.48081336971576
20720350000,0,99,144.12821754614026,-37.48088536971531
20720350000,0,100,144.12822652613323,-37.48093936971622
20720350000,0,101,144.12823553612512,-37.4810033797172
20720350000,0,102,144.12824553611972,-37.48103937971807
20720350000,0,103,144.12826254611207,-37.481085379719474
20720350000,0,104,144.12830952609747,-37.481149389722916
20720350000,0,105,144.12838653607858,-37.481204369728246
20720350000,0,106,144.12840854607376,-37.481214379729735
20720350000,0,107,144.12844055606445,-37.48125137973205
20720350000,0,108,144.12848552605385,-37.48127937973514
20720350000,0,109,144.12851753604363,-37.48132537973751
20720350000,0,110,144.12857553602342,-37.48142536974189
20720350000,0,111,144.12857852601635,-37.481489379742484
20720350000,0,112,144.12857655600934,-37.481561379742814
20720350000,0,113,144.12856056600208,-37.48165936974238
20720350000,0,114,144.1285365860016,-37.48170437974111
20720350000,0,115,144.12852958598256,-37.48190236974188
20720350000,0,116,144.1285395459772,-37.48193836974274
20720350000,0,117,144.12855556595778,-37.482101379744805
20720350000,0,118,144.12855454595518,-37.482128369744906
20720350000,0,119,144.12857356594353,-37.48221037974663
20720350000,0,120,144.12857257594013,-37.48224537974679
20720350000,0,121,144.12860458592897,-37.48230037974922
20720350000,0,122,144.12862557592067,-37.48234636975088
20720350000,0,123,144.12865758591045,-37.48239237975323
20720350000,0,124,144.12868956589944,-37.48244637975564
20720350000,0,125,144.12873259588733,-37.482492369758724
20720350000,0,126,144.1287645658771,-37.48253836976109
20720350000,0,127,144.12880756586407,-37.482593369764224
20720350000,0,128,144.1288605658455,-37.48268536976823
20720350000,0,129,144.12890257582896,-37.48277634977152
20720350000,0,130,144.1289235658217,-37.482812349773106
20720350000,0,131,144.12894458581246,-37.48286734977482
20720350000,0,132,144.1290045957826,-37.483058359779896
20720350000,0,133,144.1290255857753,-37.48309435978149
20720350000,0,134,144.1290585757649,-37.48314035978391
20720350000,0,135,144.12909054575564,-37.48317734978621
20720350000,0,136,144.12914555574142,-37.48322335979007
20720350000,0,137,144.12917756573216,-37.48326035979238
20720350000,0,138,144.12925658571555,-37.483289349797694
20720350000,0,139,144.12930057570605,-37.483308349800666
20720350000,0,140,144.12933455569916,-37.48331835980293
20720350000,0,141,144.12937857568966,-37.48333735980591
20720350000,0,142,144.12941156568203,-37.48335635980816
20720350000,0,143,144.12943456567703,-37.48336634980972
20720350000,0,144,144.12945657567138,-37.48338434981127
20720350000,0,145,144.12947755566492,-37.483412359812796
20720350000,0,146,144.1294875656595,-37.483448359813664
20720350000,0,147,144.12950858565222,-37.48348435981526
20720350000,0,148,144.12950657564613,-37.483547359815525
20720350000,0,149,144.12951555563896,-37.483602359816445
20720350000,0,150,144.12951457563545,-37.4836383598166
20720350000,0,151,144.12952354562836,-37.48369235981753
20720350000,0,152,144.12953154561964,-37.483764359818494
20720350000,0,153,144.12954957560345,-37.48389235982046
20720350000,0,154,144.12954756559918,-37.4839373498206
20720350000,0,155,144.12955658559028,-37.48400935982164
20720350000,0,156,144.12955154557653,-37.4841523598222
20720350000,0,157,144.12953756557434,-37.484197349821564
20720350000,0,158,144.1295115455678,-37.48430535982055
20720350000,0,159,144.129505555555,-37.48444034982101
20720350000,0,160,144.1295375655439,-37.484495349823426
20720350000,0,161,144.12955855553568,-37.48454035982506
20720350000,0,162,144.1295905655236,-37.484604349827535
20720350000,0,163,144.12961155551622,-37.48464134982914
20720350000,0,164,144.1296215855108,-37.48467734983001
20720350000,0,165,144.12964159550185,-37.48473134983164
20720350000,0,166,144.1296515954964,-37.48476735983252
20720350000,0,167,144.1296625754917,-37.48479536983341
20720350000,0,168,144.1296815954792,-37.484885349835196
20720350000,0,169,144.12967958547577,-37.48492234983529
20720350000,0,170,144.1296906054711,-37.484949359836186
20720350000,0,171,144.1296875854661,-37.48500335983633
20720350000,0,172,144.129696595458,-37.485067349837315
20720350000,0,173,144.1297036054505,-37.48512935983815
20720350000,0,174,144.1297155754438,-37.4851743598392
20720350000,0,175,144.12971360543946,-37.48522036983937
20720350000,0,176,144.1297225854324,-37.48527434984027
20720350000,0,177,144.12972159542977,-37.485301359840385
20720350000,0,178,144.1297305754217,-37.48536534984136
20720350000,0,179,144.12972959541736,-37.48540935984156
20720350000,0,180,144.12974959540827,-37.48546435984321
20720350000,0,181,144.12978160539816,-37.48550934984557
20720350000,0,182,144.12979160539174,-37.4855553598465
20720350000,0,183,144.12980160538726,-37.485582359847314
20720350000,0,184,144.12985460536873,-37.48567435985132
20720350000,0,185,144.12986460536243,-37.48571936985225
20720350000,0,186,144.12986161535636,-37.48578335985246
20720350000,0,187,144.12986161534994,-37.48584634985286
20720350000,0,188,144.129869605345,-37.48588134985359
20720350000,0,189,144.1298635853312,-37.48602635985411
20720350000,0,190,144.12987362532488,-37.48607136985502
20720350000,0,191,144.1298725953223,-37.486098359855134
20720350000,0,192,144.12989260531333,-37.48615235985677
20720350000,0,193,144.1299455952949,-37.48624335986078
20720350000,0,194,144.13000060528063,-37.48629034986464
20720350000,0,195,144.13004462527013,-37.48631835986766
20720350000,0,196,144.13007761526345,-37.48632834986987
20720350000,0,197,144.13012258525376,-37.48634734987293
20720350000,0,198,144.13020160523905,-37.486358359878096
20720350000,0,199,144.13025760522834,-37.486368359881816
20720350000,0,200,144.13030260522052,-37.48636935988474
20720350000,0,201,144.13037159520934,-37.48636234988917
20720350000,0,202,144.13046159519362,-37.48636434989503
20720350000,0,203,144.13051861518463,-37.48635635989868
20720350000,0,204,144.13061957516692,-37.486359359905244
20720350000,0,205,144.1307335951488,-37.48634434991255
20720350000,0,206,144.13076659514206,-37.486354359914756
20720350000,0,207,144.13081261513497,-37.486346349917696
20720350000,0,208,144.13084660512914,-37.48634632991991
20720350000,0,209,144.13089156512117,-37.486348349922835
20720350000,0,210,144.131025565095,-37.48637833993172
20720350000,0,211,144.1311275450763,-37.48638933993841
20720350000,0,212,144.13126156504913,-37.48642933994737
20720350000,0,213,144.1313295650364,-37.48643932995184
20720350000,0,214,144.1313735850258,-37.486468339954875
20720350000,0,215,144.13141757501643,-37.48648633995783
20720350000,0,216,144.13148458500098,-37.48652433996243
20720350000,0,217,144.13153955498774,-37.48656133996623
20720350000,0,218,144.13159455497438,-37.486599339970034
20720350000,0,219,144.13162755496583,-37.48662734997236
20720350000,0,220,144.13168255495256,-37.486664349976145
20720350000,0,221,144.13176957493,-37.48673834998227
20720350000,0,222,144.13183658491369,-37.48678533998691
20720350000,0,223,144.1318575749081,-37.48680433998839
20720350000,0,224,144.13191258489485,-37.48684133999218
20720350000,0,225,144.1319905448766,-37.48688833999755
20720350000,0,226,144.1320225548673,-37.486925339999836
20720350000,0,227,144.13208858485032,-37.486980340004486
20720350000,0,228,144.13212158484268,-37.486999340006726
20720350000,0,229,144.13218753482556,-37.48705534001136
20720350000,0,230,144.13224258481048,-37.48711034001529
20720350000,0,231,144.13227455480208,-37.48713833001754
20720350000,0,232,144.13230754479264,-37.48717533001991
20720350000,0,233,144.13236255477844,-37.48722134002376
20720350000,0,234,144.13244957475393,-37.48731434002998
20720350000,0,235,144.13247055474665,-37.48735034003156
20720350000,0,236,144.13251355473457,-37.48739634003465
20720350000,0,237,144.13254655472508,-37.48743334003703
20720350000,0,238,144.132589584712,-37.48748834004016
20720350000,0,239,144.13262156470276,-37.48752534004247
20720350000,0,240,144.1326545546942,-37.487553350044784
20720350000,0,241,144.13267554468584,-37.48759934004643
20720350000,0,242,144.13270857467649,-37.487635340048804
20720350000,0,243,144.13274058466627,-37.487681350051176
20720350000,0,244,144.13276157465796,-37.487727340052814
20720350000,0,245,144.13280457464492,-37.487782340055944
20720350000,0,246,144.13280354464328,-37.48780034005599
20720350000,0,247,144.13283555463303,-37.487846350058355
20720350000,0,248,144.13285658462482,-37.48789132006
20720350000,0,249,144.13288859461278,-37.487955310062475
20720350000,0,250,144.13290859460383,-37.488009310064115
20720350000,0,251,144.1329295845963,-37.48804731006571
20720350000,0,252,144.13294958458548,-37.488119320067455
20720350000,0,253,144.13295954457826,-37.48817332006844
20720350000,0,254,144.1329795545702,-37.488218330070005
20720350000,0,255,144.13298958456286,-37.48827333007101
20720350000,0,256,144.13301955455023,-37.4883463300734
20720350000,0,257,144.1330835345262,-37.48847331007835
20720350000,0,258,144.1331575645004,-37.48860131008395
20720350000,0,259,144.13317854449204,-37.488647320085605
20720350000,0,260,144.13319953448567,-37.488674320087135
20720350000,0,261,144.13320957448013,-37.48871132008801
20720350000,0,262,144.13324158446898,-37.488766320090434
20720350000,0,263,144.1332515444636,-37.4888023200913
20720350000,0,264,144.13326158445912,-37.48882933009214
20720350000,0,265,144.13327155445373,-37.48886533009299
20720350000,0,266,144.1332815844473,-37.488911320093926
20720350000,0,267,144.1332825744463,-37.488919330094056
20720350000,0,268,144.13313693446685,-37.48896382008487
20720350000,0,269,144.13293399449395,-37.48904099007217
20720350000,0,270,144.13286807450208,-37.489072320068075
20720350000,0,271,144.13263623452693,-37.48921994005394
20720350000,0,272,144.13253344453588,-37.48930552004781
20720350000,0,273,144.13248019453707,-37.489383900044835
20720350000,0,274,144.1323690545388,-37.48955414003868
20720350000,0,275,144.13228703452992,-37.48977910003475
20720350000,0,276,144.13225860451925,-37.48993156003385
20720350000,0,277,144.13225020449946,-37.4901395300346
20720350000,0,278,144.1322596944914,-37.490201920035595
20720350000,0,279,144.1320742444679,-37.49074452002694
20720350000,0,280,144.13189061445473,-37.49118295001774
20720350000,0,281,144.13170226445533,-37.49149403000744
20720350000,0,282,144.13142702446467,-37.49186665999189
20720350000,0,283,144.13121302447692,-37.492107579979496
20720350000,0,284,144.13079936451015,-37.49247987995495
20720350000,0,285,144.13022825455647,-37.492989329921045
20720350000,0,286,144.1295776746166,-37.49349772988197
20720360000,0,0,144.0659051767608,-37.677948756899994
20720360000,0,1,144.06503311683102,-37.678741776848504
20720360000,0,2,144.0570721382426,-37.67845376633212
20720360000,0,3,144.05720510842667,-37.6764287763282
20720360000,0,4,144.05709213846737,-37.67622277631963
20720360000,0,5,144.05649510858046,-37.67613077628048
20720360000,0,6,144.05459710891,-37.67612977615783
20720360000,0,7,144.05390608898134,-37.676605786116134
20720360000,0,8,144.05217109922185,-37.6771987860077
20720360000,0,9,144.05100911933903,-37.67802576593775
20720360000,0,10,144.0506870793963,-37.67801278591688
20720360000,0,11,144.05096856999734,-37.67165662589576
20720360000,0,12,144.0507351200446,-37.67159076588027
20720360000,0,13,144.04661310077685,-37.671426785613015
20720360000,0,14,144.04665212084214,-37.67072178561118
20720360000,0,15,144.04666814085869,-37.67053277561104
20720360000,0,16,144.0450941211371,-37.67048178550909
20720360000,0,17,144.04521511132134,-37.66847377550449
20720360000,0,18,144.04838014108097,-37.6654507856902
20720360000,0,19,144.0462990916679,-37.66324177554213
20720360000,0,20,144.04961512108,-37.663363775757055
20720360000,0,21,144.04962709109896,-37.66315778575656
20720360000,0,22,144.0499151116375,-37.65739976573955
20720360000,0,23,144.04991909165915,-37.65718078573846
20720360000,0,24,144.0489426018311,-37.65715579567522
20720360000,0,25,144.04907740211848,-37.654114775665136
20720360000,0,26,144.04901506218712,-37.653548775657605
20720360000,0,27,144.04928724213892,-37.65355876567526
20720360000,0,28,144.0495781020823,-37.65361879569441
20720360000,0,29,144.05002596199043,-37.65375774572419
20720360000,0,30,144.05058828186776,-37.65400379576204
20720360000,0,31,144.05070924184704,-37.65400074576984
20720360000,0,32,144.0508082318594,-37.65371175577444
20720360000,0,33,144.05082516187693,-37.653511775774284
20720360000,0,34,144.05092813188622,-37.6532457457793
20720360000,0,35,144.05105698187117,-37.653174815787196
20720360000,0,36,144.05135398182904,-37.6530827358058
20720360000,0,37,144.05176402176443,-37.6530187658319
20720360000,0,38,144.05216614170445,-37.65292380585729
20720360000,0,39,144.05290417158776,-37.65281274590427
20720360000,0,40,144.0534311915083,-37.6526957559376
20720360000,0,41,144.0537062614616,-37.65268576595531
20720360000,0,42,144.05384517143574,-37.65270276596439
20720360000,0,43,144.05410005138327,-37.65278375598137
20720360000,0,44,144.05436395132102,-37.65294478599941
20720360000,0,45,144.0547970212119,-37.65327778602945
20720360000,0,46,144.05505909114885,-37.65344975604744
20720360000,0,47,144.05594221091266,-37.65426174610955
20720360000,0,48,144.05607503087154,-37.654438766119206
20720360000,0,49,144.05612113084686,-37.654601776123194
20720360000,0,50,144.05603109082483,-37.65496977611966
20720360000,0,51,144.05606711080173,-37.655134736123
20720360000,0,52,144.05620318076566,-37.655256786132554
20720360000,0,53,144.05660709067857,-37.65542372615968
20720360000,0,54,144.05690304060758,-37.65561579618
20720360000,0,55,144.05714423053087,-37.65595680619769
20720360000,0,56,144.05730625046237,-37.65635181621061
20720360000,0,57,144.05725727043773,-37.65667580620944
20720360000,0,58,144.05718708043753,-37.65679677620565
20720360000,0,59,144.05696819045602,-37.65698775619269
20720360000,0,60,144.05656716050103,-37.657227796168264
20720360000,0,61,144.05645806051177,-37.65730780616171
20720360000,0,62,144.056465290487,-37.657537746163605
20720360000,0,63,144.05673922041436,-37.65778380618282
20720360000,0,64,144.056976140358,-37.65793275619906
20720360000,0,65,144.05720613028467,-37.65825981621594
20720360000,0,66,144.05730694025428,-37.65838581622324
20720360000,0,67,144.05799814009626,-37.658758776270204
20720360000,0,68,144.0585230499783,-37.65902175630576
20720360000,0,69,144.0587181399233,-37.65922875631963
20720360000,0,70,144.05878223986238,-37.6597157463268
20720360000,0,71,144.05855217985717,-37.66015674631465
20720360000,0,72,144.0584510398642,-37.66025979630876
20720360000,0,73,144.05819903989266,-37.66040873629339
20720360000,0,74,144.05773822997025,-37.66043178626375
20720360000,0,75,144.0568601801496,-37.66016781620538
20720360000,0,76,144.05641310024598,-37.659983776175345
20720360000,0,77,144.05600305032652,-37.65989179614828
20720360000,0,78,144.05570098038302,-37.659851736128516
20720360000,0,79,144.05542705042527,-37.659903766111135
20720360000,0,80,144.05516819046085,-37.659994746094966
20720360000,0,81,144.0550090904709,-37.66016673608576
20720360000,0,82,144.05506019044378,-37.66034476609016
20720360000,0,83,144.05518910041263,-37.66043078609902
20720360000,0,84,144.0554130003774,-37.660395786113284
20720360000,0,85,144.0559382302709,-37.660545826148144
20720360000,0,86,144.05642029016855,-37.66072878618042
20720360000,0,87,144.05703228003426,-37.661003736221666
20720360000,0,88,144.05726916997557,-37.66117582623804
20720360000,0,89,144.0572551099276,-37.66166875624018
20720360000,0,90,144.05694515990876,-37.66237874622455
20720360000,0,91,144.05681521990962,-37.66259079621746
20720360000,0,92,144.05618124998333,-37.66294575617868
20720360000,0,93,144.05574923002314,-37.66328974615289
20720360000,0,94,144.05569919000249,-37.663576756151436
20720360000,0,95,144.05578525997356,-37.663713816157845
20720360000,0,96,144.05641126985142,-37.66384576619912
20720360000,0,97,144.05700095974908,-37.66384576623722
20720360000,0,98,144.05745527963919,-37.66414977626846
20720360000,0,99,144.0576489495669,-37.66452778628331
20720360000,0,100,144.05756218953863,-37.664951766280325
20720360000,0,101,144.05727419956045,-37.66522680626342
20720360000,0,102,144.05692894959867,-37.66543875624241
20720360000,0,103,144.05690014959367,-37.665536776241154
20720360000,0,104,144.05685298959008,-37.66565178623882
20720360000,0,105,144.05701501952606,-37.666002786251475
20720360000,0,106,144.05720612944873,-37.666434776266485
20720360000,0,107,144.0571899594322,-37.66662379626661
20720360000,0,108,144.0569890994232,-37.66705280625628
20720360000,0,109,144.0568072594203,-37.667389766246615
20720360000,0,110,144.05658912943062,-37.66765877623419
20720360000,0,111,144.0560991594782,-37.66802481620478
20720360000,0,112,144.05576506950644,-37.66831578618499
20720360000,0,113,144.05550694953754,-37.668449796169135
20720360000,0,114,144.05545617954013,-37.66851081616624
20720360000,0,115,144.0554342395376,-37.66857273616521
20720360000,0,116,144.05552099951382,-37.66865777617134
20720360000,0,117,144.0557190094759,-37.668692796184345
20720360000,0,118,144.0559350194204,-37.668868756199394
20720360000,0,119,144.05600914939978,-37.66894480620466
20720360000,0,120,144.0561250693819,-37.668922756212005
20720360000,0,121,144.05619996938373,-37.66877774621596
20720360000,0,122,144.05633027938137,-37.66857976622315
20720360000,0,123,144.05649620936464,-37.668461766233136
20720360000,0,124,144.05700205929608,-37.66827375626467
20720360000,0,125,144.05729617926866,-37.66804281628225
20720360000,0,126,144.05764606922202,-37.66790475630401
20720360000,0,127,144.058206229124,-37.66791276634026
20720360000,0,128,144.0583970190867,-37.667953816352835
20720360000,0,129,144.05848413907947,-37.66787676635799
20720360000,0,130,144.05842113910612,-37.667722766352966
20720360000,0,131,144.05830415914104,-37.66757976634453
20720360000,0,132,144.05823392917156,-37.66740075633888
20720360000,0,133,144.05824294919313,-37.66717476633807
20720360000,0,134,144.05826597920895,-37.66698080633835
20720360000,0,135,144.05838299921143,-37.66675778634454
20720360000,0,136,144.0585320291952,-37.66666375635359
20720360000,0,137,144.05872427916267,-37.666655746365976
20720360000,0,138,144.05885924913014,-37.66674474637523
20720360000,0,139,144.0589359790979,-37.66692978638134
20720360000,0,140,144.05910624905107,-37.66709880639339
20720360000,0,141,144.05954398895648,-37.66728078642281
20720360000,0,142,144.05971425891087,-37.667437736434785
20720360000,0,143,144.05978014889118,-37.667518746439534
20720360000,0,144,144.0599482988584,-37.66755375645063
20720360000,0,145,144.06033092879107,-37.66756276647543
20720360000,0,146,144.06062000873516,-37.66761874649445
20720360000,0,147,144.06094292868016,-37.66760875651526
20720360000,0,148,144.06114527865137,-37.66754674652797
20720360000,0,149,144.06123203864237,-37.66748778653321
20720360000,0,150,144.06132526864778,-37.66727673653792
20720360000,0,151,144.06133427866993,-37.66704479653707
20720360000,0,152,144.06146421866765,-37.66684681654425
20720360000,0,153,144.06168310863907,-37.66675473655783
20720360000,0,154,144.06185301861166,-37.66673475656869
20720360000,0,155,144.0621201585628,-37.66675878658611
20720360000,0,156,144.06223892855243,-37.66665879659316
20720360000,0,157,144.06225407856854,-37.666475736593014
20720360000,0,158,144.06221914860149,-37.666212766589126
20720360000,0,159,144.0623422586011,-37.666007746595824
20720360000,0,160,144.06257012857526,-37.665873826609726
20720360000,0,161,144.06286209852706,-37.66584979662844
20720360000,0,162,144.06308207848264,-37.66591080664304
20720360000,0,163,144.06321092845437,-37.66596876665172
20720360000,0,164,144.06365520834706,-37.66626378668228
20720360000,0,165,144.0639719882616,-37.6665617867046
20720360000,0,166,144.06419627819332,-37.66684879672088
20720360000,0,167,144.06416098816794,-37.66715676672049
20720360000,0,168,144.0640562281587,-37.66742478671537
20720360000,0,169,144.0640591181407,-37.66759578671662
20720360000,0,170,144.06410626812587,-37.66766077672007
20720360000,0,171,144.06448429806414,-37.66762279674429
20720360000,0,172,144.0647312280207,-37.667628806760284
20720360000,0,173,144.06498000798447,-37.66756078677596
20720360000,0,174,144.06522692797162,-37.667267746790095
20720360000,0,175,144.06535405797422,-37.66702679679682
20720360000,0,176,144.0655772579636,-37.66675175680957
20720360000,0,177,144.06589403793654,-37.666478796828365
20720360000,0,178,144.0662259379154,-37.66612275684762
20720360000,0,179,144.0664131479122,-37.66583673685796
20720360000,0,180,144.0666651378793,-37.66573079687358
20720360000,0,181,144.06701615781367,-37.66577678689658
20720360000,0,182,144.06721125776684,-37.66590379690998
20720360000,0,183,144.06743302769337,-37.666245786926424
20720360000,0,184,144.06782218759705,-37.66652676695333
20720360000,0,185,144.06827219749678,-37.66674374698378
20720360000,0,186,144.06844896743684,-37.66702977699698
20720360000,0,187,144.06828515743598,-37.66731578698816
20720360000,0,188,144.06802702745182,-37.66759876697321
20720360000,0,189,144.06775520743452,-37.66822876695952
20720360000,0,190,144.06768611742183,-37.66846977695655
20720360000,0,191,144.06794818732203,-37.66900076697678
20720360000,0,192,144.06805115726647,-37.66936878698571
20720360000,0,193,144.0681872272282,-37.669511796995415
20720360000,0,194,144.0685432471444,-37.66972679701975
20720360000,0,195,144.06871213709553,-37.66991779703186
20720360000,0,196,144.06871213706586,-37.67020776703365
20720360000,0,197,144.06853101708433,-37.67033476702273
20720360000,0,198,144.0681620371369,-37.670446806999564
20720360000,0,199,144.06788912718017,-37.670486766982144
20720360000,0,200,144.06777827718437,-37.670633746975895
20720360000,0,201,144.06780419715673,-37.67085981697897
20720360000,0,202,144.06770122715187,-37.67108175697368
20720360000,0,203,144.0674459871758,-37.6712807469584
20720360000,0,204,144.0672641771915,-37.67143581694761
20720360000,0,205,144.06719792718408,-37.67162077694446
20720360000,0,206,144.06720515717484,-37.67169878694541
20720360000,0,207,144.06719508714045,-37.67205176694695
20720360000,0,208,144.06715905713125,-37.672202806945556
20720360000,0,209,144.0665042070964,-37.673653776912175
20720360000,0,210,144.06626805711102,-37.6739118168985
20720360000,0,211,144.0660711771318,-37.67404275688657
20720360000,0,212,144.06557725719836,-37.6742297768558
20720360000,0,213,144.0655592271971,-37.6742728068549
20720360000,0,214,144.06556499718963,-37.674335796855665
20720360000,0,215,144.0656420471698,-37.674398786861026
20720360000,0,216,144.06634908701557,-37.67470677690865
20720360000,0,217,144.06643223699365,-37.674779756914475
20720360000,0,218,144.06659027693277,-37.67510672692672
20720360000,0,219,144.06667126690928,-37.67519880693252
20720360000,0,220,144.06697797685746,-37.67518476695228
20720360000,0,221,144.0673581268012,-37.675089816976275
20720360000,0,222,144.0677361567373,-37.67507279700062
20720360000,0,223,144.0679539566942,-37.675124727015024
20720360000,0,224,144.06859405658676,-37.67508872705619
20720360000,0,225,144.0690991064987,-37.67509277708888
20720360000,0,226,144.06941012643807,-37.67515776710938
20720360000,0,227,144.06953505641124,-37.67520781711778
20720360000,0,228,144.0696412763848,-37.67528575712513
20720360000,0,229,144.06983205632847,-37.67551282713888
20720360000,0,230,144.06994404628483,-37.67574878714758
20720360000,0,231,144.06994798625948,-37.675989807149314
20720360000,0,232,144.06990513625414,-37.67611473714733
20720360000,0,233,144.06966499626634,-37.67640272713358
20720360000,0,234,144.06941300629288,-37.67657076711832
20720360000,0,235,144.0692110463225,-37.676623787105584
20720360000,0,236,144.0686070164245,-37.676651777066695
20720360000,0,237,144.06774801654845,-37.67689773701266
20720360000,0,238,144.0673660865967,-37.677073776989054
20720360000,0,239,144.06688004665142,-37.67736374695941
20720360000,0,240,144.0658691867999,-37.67762781689568
20720360000,0,241,144.0657060968184,-37.67772375688572
20720360000,0,242,144.06562295681653,-37.677882786881334
20720360000,0,243,144.0659051767608,-37.677948756899994
20720370000,0,0,144.0489426018311,-37.65715579567522
20720370000,0,1,144.047159212145,-37.657111745559774
20720370000,0,2,144.0455211324335,-37.657069785453736
20720370000,0,3,144.03881710361375,-37.656901765019875
20720370000,0,4,144.04108123362857,-37.652910035141346
20720370000,0,5,144.0411301436817,-37.65230721514077
20720370000,0,6,144.04131326373482,-37.65147578514746
20720370000,0,7,144.04165596369296,-37.651303815168504
20720370000,0,8,144.0421131636488,-37.6509597351959
20720370000,0,9,144.0422931436345,-37.650793765206494
20720370000,0,10,144.04247710361324,-37.650689745217726
20720370000,0,11,144.04276293357285,-37.65059974523563
20720370000,0,12,144.04295197354006,-37.65059974524783
20720370000,0,13,144.04323024347943,-37.65072078526654
20720370000,0,14,144.04348293341528,-37.65091977528409
20720370000,0,15,144.04359203338285,-37.65105180529195
20720370000,0,16,144.0440672332703,-37.65134673532446
20720370000,0,17,144.04432718321326,-37.65146372534196
20720370000,0,18,144.04456005315603,-37.65162880535803
20720370000,0,19,144.0454402829104,-37.65253878542049
20720370000,0,20,144.04626215268775,-37.65332277547842
20720370000,0,21,144.04653324262048,-37.65352077549716
20720370000,0,22,144.0473140824392,-37.65396979555034
20720370000,0,23,144.04770109236847,-37.65400479557557
20720370000,0,24,144.04809025231393,-37.653877815599905
20720370000,0,25,144.04876197222737,-37.65358477564148
20720370000,0,26,144.04901506218712,-37.653548775657605
20720370000,0,27,144.04907740211848,-37.654114775665136
20720370000,0,28,144.0489426018311,-37.65715579567522
20720380000,0,0,144.03881710361375,-37.656901765019875
20720380000,0,1,144.0324626747325,-37.656742374608804
20720380000,0,2,144.0322001347787,-37.656735784591824
20720380000,0,3,144.0300391152164,-37.656120764448616
20720380000,0,4,144.03251910505602,-37.65347676459226
20720380000,0,5,144.0354501247013,-37.651970774772074
20720380000,0,6,144.03669412466724,-37.65019078484136
20720380000,0,7,144.0368081449341,-37.64738277483135
20720380000,0,8,144.0345881455695,-37.6449297646729
20720380000,0,9,144.03419106584656,-37.642889624634655
20720380000,0,10,144.0328923162224,-37.641413884541734
20720380000,0,11,144.03291611624286,-37.64117277454178
20720380000,0,12,144.04011614496756,-37.641435765008076
20720380000,0,13,144.04362211435944,-37.64143778523444
20720380000,0,14,144.043501114373,-37.64151078522708
20720380000,0,15,144.04344581437545,-37.64158019522393
20720380000,0,16,144.04346311436436,-37.641659785225535
20720380000,0,17,144.04367011432447,-37.641698785239136
20720380000,0,18,144.0437689143069,-37.641703185245554
20720380000,0,19,144.0439051342818,-37.64171778525444
20720380000,0,20,144.0440710942472,-37.6417747752655
20720380000,0,21,144.04417410421811,-37.641884775272835
20720380000,0,22,144.04415625421368,-37.641958485272134
20720380000,0,23,144.0441321242114,-37.642021775270976
20720380000,0,24,144.04411322420853,-37.64208189527011
20720380000,0,25,144.0439762742302,-37.6421018452614
20720380000,0,26,144.04383213425126,-37.64214078525235
20720380000,0,27,144.04368412427417,-37.64216777524295
20720380000,0,28,144.04361809427735,-37.64224876523919
20720380000,0,29,144.0434951642967,-37.64226797523136
20720380000,0,30,144.04331668433545,-37.642191195219375
20720380000,0,31,144.04317093437527,-37.64204878520908
20720380000,0,32,144.0430281444024,-37.642025765199726
20720380000,0,33,144.04289652441952,-37.64208178519157
20720380000,0,34,144.04273311444612,-37.64209876518112
20720380000,0,35,144.042615114463,-37.642133775173725
20720380000,0,36,144.0424821044782,-37.64221076516561
20720380000,0,37,144.04248542446035,-37.64237998516687
20720380000,0,38,144.04245579443796,-37.64264953516662
20720380000,0,39,144.04241509443682,-37.642729765164496
20720380000,0,40,144.04231909444252,-37.64283677515895
20720380000,0,41,144.042249674447,-37.64291097515494
20720380000,0,42,144.04216211445168,-37.64301377514991
20720380000,0,43,144.0421172544532,-37.643075125147405
20720380000,0,44,144.04209812444685,-37.643169975146755
20720380000,0,45,144.04210009444435,-37.64319126514701
20720380000,0,46,144.04217109442112,-37.64329777515225
20720380000,0,47,144.04234654436206,-37.643578275165304
20720380000,0,48,144.04237509434043,-37.643741775168166
20720380000,0,49,144.04235012433944,-37.64379377516687
20720380000,0,50,144.0422401143435,-37.643940775160694
20720380000,0,51,144.04211261435802,-37.6440151851529
20720380000,0,52,144.0419791043745,-37.64408076514469
20720380000,0,53,144.04171911440713,-37.64420277512868
20720380000,0,54,144.0414971144261,-37.644393765115524
20720380000,0,55,144.04119208446562,-37.64452476509664
20720380000,0,56,144.04108412447383,-37.6446277750903
20720380000,0,57,144.04077909449651,-37.64492377507244
20720380000,0,58,144.04059907452177,-37.64498203506118
20720380000,0,59,144.04046624454514,-37.644978845052584
20720380000,0,60,144.04028918457337,-37.64500288504131
20720380000,0,61,144.04004321462148,-37.644949785025105
20720380000,0,62,144.03985155465662,-37.64493093501262
20720380000,0,63,144.03962211469837,-37.64491176499768
20720380000,0,64,144.03944611472951,-37.64490577498629
20720380000,0,65,144.03909713478257,-37.6449787749642
20720380000,0,66,144.03887831480708,-37.64511007495091
20720380000,0,67,144.03870151482266,-37.6452578649404
20720380000,0,68,144.03861310482455,-37.6453897749355
20720380000,0,69,144.03863310480426,-37.64555477493782
20720380000,0,70,144.03871311477505,-37.64570477494391
20720380000,0,71,144.0389101047273,-37.645837764957456
20720380000,0,72,144.0393101146507,-37.64590877498371
20720380000,0,73,144.0398748045497,-37.64593849502034
20720380000,0,74,144.04011599448464,-37.64616603503732
20720380000,0,75,144.04061053435578,-37.64658844507187
20720380000,0,76,144.04083953429793,-37.64676607508774
20720380000,0,77,144.04112164423324,-37.64692068510692
20720380000,0,78,144.04125614420323,-37.64698576511599
20720380000,0,79,144.04131093418684,-37.64705323511995
20720380000,0,80,144.04162311411253,-37.64725077514133
20720380000,0,81,144.04163111409554,-37.647403775142784
20720380000,0,82,144.04151613409084,-37.64764477513686
20720380000,0,83,144.04126709411017,-37.64787878512222
20720380000,0,84,144.040936114155,-37.648001765101625
20720380000,0,85,144.04063911419468,-37.648117785083166
20720380000,0,86,144.04047511421788,-37.64816876507288
20720380000,0,87,144.0402091042581,-37.648226785056075
20720380000,0,88,144.04013045427567,-37.64818822505076
20720380000,0,89,144.04016125428447,-37.64804975505189
20720380000,0,90,144.0400831043016,-37.648014755046646
20720380000,0,91,144.03988907433518,-37.648015755034116
20720380000,0,92,144.0396590543683,-37.648081795019685
20720380000,0,93,144.0394790343877,-37.64819781500877
20720380000,0,94,144.03924828439563,-37.64851173499582
20720380000,0,95,144.03920616438816,-37.648656814994006
20720380000,0,96,144.0392270343465,-37.649028774997646
20720380000,0,97,144.03930226430984,-37.64926080500395
20720380000,0,98,144.03953630423368,-37.64960875502119
20720380000,0,99,144.03977603416973,-37.64982781503803
20720380000,0,100,144.03990926413846,-37.649907825047116
20720380000,0,101,144.04006799410612,-37.64995479505766
20720380000,0,102,144.04084417396845,-37.649984765107945
20720380000,0,103,144.04098024394145,-37.650017785116944
20720380000,0,104,144.04106196392118,-37.650077725122586
20720380000,0,105,144.04113394389265,-37.6502347951282
20720380000,0,106,144.0411152238816,-37.650374745127856
20720380000,0,107,144.040970133861,-37.65082275512127
20720380000,0,108,144.04074014386782,-37.65114674510842
20720380000,0,109,144.04047515388805,-37.65139875509287
20720380000,0,110,144.04007916393655,-37.65159676506854
20720380000,0,111,144.0398282339589,-37.651803755053606
20720380000,0,112,144.0397681139613,-37.65188277505023
20720380000,0,113,144.03939227400738,-37.65206978502712
20720380000,0,114,144.03848221414086,-37.65230875496986
20720380000,0,115,144.03836520415442,-37.65237479496272
20720380000,0,116,144.03834830414326,-37.652512774962474
20720380000,0,117,144.03838429412997,-37.65258181496524
20720380000,0,118,144.03858912409768,-37.65254976497824
20720380000,0,119,144.0396892739443,-37.65218274504699
20720380000,0,120,144.04131326373482,-37.65147578514746
20720380000,0,121,144.0411301436817,-37.65230721514077
20720380000,0,122,144.04108123362857,-37.652910035141346
20720380000,0,123,144.03881710361375,-37.656901765019875
20720390000,0,0,144.065376111618,-37.63136083657762
20720390000,0,1,144.06527011118536,-37.63577276659807
20720390000,0,2,144.06423512136536,-37.63576677653112
20720390000,0,3,144.06243311168325,-37.63571281641429
20720390000,0,4,144.06243213167656,-37.63577978641465
20720390000,0,5,144.06246611165375,-37.63594478641786
20720390000,0,6,144.06262510159303,-37.63626977643015
20720390000,0,7,144.06282312151535,-37.636693776445576
20720390000,0,8,144.0630500414488,-37.63695978646188
20720390000,0,9,144.06305329143518,-37.63708804646289
20720390000,0,10,144.0630219714238,-37.63725219646188
20720390000,0,11,144.06292006142223,-37.63744021645646
20720390000,0,12,144.06287184141746,-37.63756845645414
20720390000,0,13,144.06293773138202,-37.63780390645985
20720390000,0,14,144.06311304132757,-37.638038886472636
20720390000,0,15,144.0632091412854,-37.6382889964804
20720390000,0,16,144.0632761212483,-37.63853811648627
20720390000,0,17,144.06331393123676,-37.638586806489016
20720390000,0,18,144.06341109120888,-37.638694716495976
20720390000,0,19,144.06367105115916,-37.638740266513054
20720390000,0,20,144.0638427411311,-37.638723336524045
20720390000,0,21,144.06402061111402,-37.63858922653472
20720390000,0,22,144.06416529109214,-37.63855746654388
20720390000,0,23,144.06431111106477,-37.63857834655343
20720390000,0,24,144.06441411102398,-37.638802776561484
20720390000,0,25,144.0644491210043,-37.638935766564565
20720390000,0,26,144.06448912098264,-37.63907977656803
20720390000,0,27,144.06456311094934,-37.63927977657405
20720390000,0,28,144.06462111092355,-37.63943377657877
20720390000,0,29,144.064693120894,-37.63960077658445
20720390000,0,30,144.06469911088428,-37.63968577658537
20720390000,0,31,144.0646545808779,-37.63982358658334
20720390000,0,32,144.06459552087756,-37.639927096580166
20720390000,0,33,144.06454296087963,-37.6399959265772
20720390000,0,34,144.06452964087626,-37.64005155657669
20720390000,0,35,144.06450661087646,-37.64008863657541
20720390000,0,36,144.0644601408641,-37.64028852657364
20720390000,0,37,144.06446846084498,-37.64046159657525
20720390000,0,38,144.06457931082548,-37.640464206582436
20720390000,0,39,144.0644281307422,-37.6415347665793
20720390000,0,40,144.064366120751,-37.6415537765754
20720390000,0,41,144.06435509074822,-37.64159976657497
20720390000,0,42,144.06437214073384,-37.64171176657677
20720390000,0,43,144.0644011207161,-37.64183577657941
20720390000,0,44,144.0644081307055,-37.641927776580424
20720390000,0,45,144.0643491107089,-37.64199478657703
20720390000,0,46,144.0642521307209,-37.64204177657104
20720390000,0,47,144.0641821207263,-37.642107776566924
20720390000,0,48,144.06414011071118,-37.642326786565576
20720390000,0,49,144.06407711070491,-37.64249478656254
20720390000,0,50,144.063986120698,-37.642716776558025
20720390000,0,51,144.0638761407011,-37.64287277655188
20720390000,0,52,144.06383011069332,-37.64302676654985
20720390000,0,53,144.06374014068882,-37.64322377654526
20720390000,0,54,144.06356710069414,-37.64346477653556
20720390000,0,55,144.0634161307057,-37.643607776526686
20720390000,0,56,144.06320210071632,-37.64386677651445
20720390000,0,57,144.06309110072363,-37.643983776508
20720390000,0,58,144.06305511072384,-37.64404276650605
20720390000,0,59,144.06305110068516,-37.644427776508174
20720390000,0,60,144.062847100687,-37.64475577649701
20720390000,0,61,144.0629621106066,-37.64534677650809
20720390000,0,62,144.0630260905787,-37.64551177651325
20720390000,0,63,144.0629531305761,-37.64566077650946
20720390000,0,64,144.0628621005699,-37.64587576650491
20720390000,0,65,144.06283012056306,-37.64599677650359
20720390000,0,66,144.06270413057499,-37.646093776496045
20720390000,0,67,144.06254911059216,-37.64618876648661
20720390000,0,68,144.06243012059502,-37.64636277647999
20720390000,0,69,144.06233110059193,-37.64656078647482
20720390000,0,70,144.06231310058888,-37.64662078647402
20720390000,0,71,144.06227613058644,-37.64670776647217
20720390000,0,72,144.06220911057474,-37.646935776469256
20720390000,0,73,144.06213509057767,-37.647032776465075
20720390000,0,74,144.06202610058372,-37.64715877645881
20720390000,0,75,144.0618761206015,-37.647238776449605
20720390000,0,76,144.06170414062018,-37.647347776439155
20720390000,0,77,144.06108812069297,-37.6476807764014
20720390000,0,78,144.0607560807314,-37.6478677763811
20720390000,0,79,144.06041412077252,-37.648045776360085
20720390000,0,80,144.06014814081692,-37.648062786343004
20720390000,0,81,144.05978310087764,-37.648087776319564
20720390000,0,82,144.059448140929,-37.64815378629832
20720390000,0,83,144.05927510095756,-37.64816776628723
20720390000,0,84,144.05912110098237,-37.6481867662774
20720390000,0,85,144.05899011100314,-37.648205766269044
20720390000,0,86,144.05875110103995,-37.64825077625386
20720390000,0,87,144.0584811110883,-37.64823577623633
20720390000,0,88,144.05843509110142,-37.64818576623305
20720390000,0,89,144.05835614112934,-37.6480467762271
20720390000,0,90,144.0582761311625,-37.64785778622075
20720390000,0,91,144.05811013121254,-37.64764976620874
20720390000,0,92,144.05800512123395,-37.64761878620176
20720390000,0,93,144.0577630812753,-37.647624776186156
20720390000,0,94,144.05748912132321,-37.64762077616841
20720390000,0,95,144.05725712136913,-37.647564776153075
20720390000,0,96,144.05702710142512,-37.647407766137256
20720390000,0,97,144.0569151214518,-37.64733676612956
20720390000,0,98,144.05662611151104,-37.64724778611035
20720390000,0,99,144.05652114153065,-37.64723377610347
20720390000,0,100,144.0564101015597,-37.647137786095705
20720390000,0,101,144.0562821015918,-37.64704076608683
20720390000,0,102,144.0561691316205,-37.64695178607898
20720390000,0,103,144.05601809165228,-37.64689678606888
20720390000,0,104,144.0557441217028,-37.646867776051
20720390000,0,105,144.05546610176194,-37.64676076603238
20720390000,0,106,144.0553961317758,-37.64674376602775
20720390000,0,107,144.0552150918138,-37.64667877601565
20720390000,0,108,144.05510311183204,-37.646690786008485
20720390000,0,109,144.05497412185014,-37.64673277600042
20720390000,0,110,144.05486710186418,-37.64677677599376
20720390000,0,111,144.05477111187878,-37.64679677598768
20720390000,0,112,144.05466814189572,-37.64680577598109
20720390000,0,113,144.0545821119141,-37.646771775975324
20720390000,0,114,144.0544141019556,-37.64665076596373
20720390000,0,115,144.05378210211597,-37.64615378591981
20720390000,0,116,144.05365614214378,-37.64609576591131
20720390000,0,117,144.05351313217122,-37.646069775901914
20720390000,0,118,144.05342911218776,-37.64605077589637
20720390000,0,119,144.0533611122121,-37.64592777589121
20720390000,0,120,144.05329410223771,-37.645790775886034
20720390000,0,121,144.05319613226337,-37.64570576587918
20720390000,0,122,144.0531281322776,-37.64568177587464
20720390000,0,123,144.05303312230166,-37.645607775868044
20720390000,0,124,144.05297012232515,-37.64548476586321
20720390000,0,125,144.05296315232872,-37.645461535862616
20720390000,0,126,144.05295998232947,-37.6454597358624
20720390000,0,127,144.05285916233314,-37.645594755856735
20720390000,0,128,144.05286814231496,-37.645757735858325
20720390000,0,129,144.05300206222262,-37.64643381587115
20720390000,0,130,144.05315328216616,-37.64672972588274
20720390000,0,131,144.05326811211006,-37.64708379589235
20720390000,0,132,144.05326128207406,-37.64744774589416
20720390000,0,133,144.0532292420645,-37.64759580589301
20720390000,0,134,144.05292213206255,-37.64813580587652
20720390000,0,135,144.0526510820072,-37.64913777586519
20720390000,0,136,144.05237317201235,-37.64955880584984
20720390000,0,137,144.05217910200258,-37.649983785839936
20720390000,0,138,144.0521182919862,-37.65024774583764
20720390000,0,139,144.05213628193565,-37.65071177584168
20720390000,0,140,144.05209701192283,-37.65090375584032
20720390000,0,141,144.05198798192865,-37.651031735834074
20720390000,0,142,144.05187925194045,-37.65110075582748
20720390000,0,143,144.05171109196587,-37.65113775581684
20720390000,0,144,144.05159013198713,-37.651134775809005
20720390000,0,145,144.05114808207227,-37.651051805779936
20720390000,0,146,144.051138412074,-37.65105156577932
20720390000,0,147,144.05062609216967,-37.650984785745806
20720390000,0,148,144.0502481422351,-37.6509857857214
20720390000,0,149,144.04980711229976,-37.65110177569363
20720390000,0,150,144.0491501123889,-37.65134477565269
20720390000,0,151,144.04858312245986,-37.65161278561774
20720390000,0,152,144.04821012250568,-37.651797785594795
20720390000,0,153,144.04793509253892,-37.6519387755779
20720390000,0,154,144.04780212255793,-37.651978765569545
20720390000,0,155,144.04755611260308,-37.65195477555352
20720390000,0,156,144.0472791226617,-37.651850765534995
20720390000,0,157,144.04694510273592,-37.65169177551243
20720390000,0,158,144.04655809282164,-37.6515097754863
20720390000,0,159,144.04517909313478,-37.650785775392784
20720390000,0,160,144.04500911317652,-37.65066576538106
20720390000,0,161,144.0448311032186,-37.65055576536888
20720390000,0,162,144.04467112326913,-37.65033276535718
20720390000,0,163,144.04462013330945,-37.65002478535199
20720390000,0,164,144.04460611333167,-37.64983077534988
20720390000,0,165,144.0446012633416,-37.64974185534902
20720390000,0,166,144.0443620733794,-37.649777765333795
20720390000,0,167,144.0443280533861,-37.64977021533156
20720390000,0,168,144.04422812340184,-37.6497857753252
20720390000,0,169,144.04412311342207,-37.649765775318286
20720390000,0,170,144.04404711344458,-37.64967477531282
20720390000,0,171,144.04396711346612,-37.64959977530719
20720390000,0,172,144.04387812349657,-37.64945277530053
20720390000,0,173,144.04376413353106,-37.64930877529229
20720390000,0,174,144.04372413354074,-37.64928178528954
20720390000,0,175,144.04359710356317,-37.649277765281305
20720390000,0,176,144.04345213359426,-37.64921977527158
20720390000,0,177,144.04339928360733,-37.64918177526794
20720390000,0,178,144.0431812636496,-37.64913777525359
20720390000,0,179,144.04266844373845,-37.649138595220485
20720390000,0,180,144.04261109374673,-37.64915478521688
20720390000,0,181,144.04249112376982,-37.649132785209005
20720390000,0,182,144.04228814381153,-37.649068775195516
20720390000,0,183,144.04196709387222,-37.64901976517447
20720390000,0,184,144.04171009391692,-37.649018765157884
20720390000,0,185,144.04144711396006,-37.64904278514104
20720390000,0,186,144.04115810400683,-37.64907576512259
20720390000,0,187,144.04084610405766,-37.64910777510265
20720390000,0,188,144.04043212412324,-37.649168765076304
20720390000,0,189,144.04003109418892,-37.64920678505065
20720390000,0,190,144.03988210422264,-37.649129765040556
20720390000,0,191,144.0397551242657,-37.64892377503108
20720390000,0,192,144.03973909428714,-37.64874076502891
20720390000,0,193,144.03973909429857,-37.64862877502822
20720390000,0,194,144.03980914430994,-37.64839877503132
20720390000,0,195,144.03997109429739,-37.64824678504084
20720390000,0,196,144.04004310429087,-37.64818776504512
20720390000,0,197,144.0401070942809,-37.64817677504919
20720390000,0,198,144.04013045427567,-37.64818822505076
20720390000,0,199,144.0402091042581,-37.648226785056075
20720390000,0,200,144.04047511421788,-37.64816876507288
20720390000,0,201,144.04063911419468,-37.648117785083166
20720390000,0,202,144.040936114155,-37.648001765101625
20720390000,0,203,144.04126709411017,-37.64787878512222
20720390000,0,204,144.04151613409084,-37.64764477513686
20720390000,0,205,144.04163111409554,-37.647403775142784
20720390000,0,206,144.04162311411253,-37.64725077514133
20720390000,0,207,144.04131093418684,-37.64705323511995
20720390000,0,208,144.04125614420323,-37.64698576511599
20720390000,0,209,144.04112164423324,-37.64692068510692
20720390000,0,210,144.04083953429793,-37.64676607508774
20720390000,0,211,144.04061053435578,-37.64658844507187
20720390000,0,212,144.04011599448464,-37.64616603503732
20720390000,0,213,144.0398748045497,-37.64593849502034
20720390000,0,214,144.0393101146507,-37.64590877498371
20720390000,0,215,144.0389101047273,-37.645837764957456
20720390000,0,216,144.03871311477505,-37.64570477494391
20720390000,0,217,144.03863310480426,-37.64555477493782
20720390000,0,218,144.03861310482455,-37.6453897749355
20720390000,0,219,144.03870151482266,-37.6452578649404
20720390000,0,220,144.03887831480708,-37.64511007495091
20720390000,0,221,144.03909713478257,-37.6449787749642
20720390000,0,222,144.03944611472951,-37.64490577498629
20720390000,0,223,144.03962211469837,-37.64491176499768
20720390000,0,224,144.03985155465662,-37.64493093501262
20720390000,0,225,144.04004321462148,-37.644949785025105
20720390000,0,226,144.04028918457337,-37.64500288504131
20720390000,0,227,144.04046624454514,-37.644978845052584
20720390000,0,228,144.04059907452177,-37.64498203506118
20720390000,0,229,144.04077909449651,-37.64492377507244
20720390000,0,230,144.04108412447383,-37.6446277750903
20720390000,0,231,144.04119208446562,-37.64452476509664
20720390000,0,232,144.0414971144261,-37.644393765115524
20720390000,0,233,144.04171911440713,-37.64420277512868
20720390000,0,234,144.0419791043745,-37.64408076514469
20720390000,0,235,144.04211261435802,-37.6440151851529
20720390000,0,236,144.0422401143435,-37.643940775160694
20720390000,0,237,144.04235012433944,-37.64379377516687
20720390000,0,238,144.04237509434043,-37.643741775168166
20720390000,0,239,144.04234654436206,-37.643578275165304
20720390000,0,240,144.04217109442112,-37.64329777515225
20720390000,0,241,144.04210009444435,-37.64319126514701
20720390000,0,242,144.04209812444685,-37.643169975146755
20720390000,0,243,144.0421172544532,-37.643075125147405
20720390000,0,244,144.04216211445168,-37.64301377514991
20720390000,0,245,144.042249674447,-37.64291097515494
20720390000,0,246,144.04231909444252,-37.64283677515895
20720390000,0,247,144.04241509443682,-37.642729765164496
20720390000,0,248,144.04245579443796,-37.64264953516662
20720390000,0,249,144.04248542446035,-37.64237998516687
20720390000,0,250,144.0424821044782,-37.64221076516561
20720390000,0,251,144.042615114463,-37.642133775173725
20720390000,0,252,144.04273311444612,-37.64209876518112
20720390000,0,253,144.04289652441952,-37.64208178519157
20720390000,0,254,144.0430281444024,-37.642025765199726
20720390000,0,255,144.04317093437527,-37.64204878520908
20720390000,0,256,144.04331668433545,-37.642191195219375
20720390000,0,257,144.0434951642967,-37.64226797523136
20720390000,0,258,144.04361809427735,-37.64224876523919
20720390000,0,259,144.04368412427417,-37.64216777524295
20720390000,0,260,144.04383213425126,-37.64214078525235
20720390000,0,261,144.0439762742302,-37.6421018452614
20720390000,0,262,144.04411322420853,-37.64208189527011
20720390000,0,263,144.0441321242114,-37.642021775270976
20720390000,0,264,144.04415625421368,-37.641958485272134
20720390000,0,265,144.04417410421811,-37.641884775272835
20720390000,0,266,144.0440710942472,-37.6417747752655
20720390000,0,267,144.0439051342818,-37.64171778525444
20720390000,0,268,144.0437689143069,-37.641703185245554
20720390000,0,269,144.04367011432447,-37.641698785239136
20720390000,0,270,144.04346311436436,-37.641659785225535
20720390000,0,271,144.04344581437545,-37.64158019522393
20720390000,0,272,144.043501114373,-37.64151078522708
20720390000,0,273,144.04362211435944,-37.64143778523444
20720390000,0,274,144.0518478229328,-37.6414417757657
20720390000,0,275,144.05184483295997,-37.64118109576389
20720390000,0,276,144.05183012322084,-37.638652775747296
20720390000,0,277,144.05588611251676,-37.63866178600941
20720390000,0,278,144.05592911270017,-37.636793786000624
20720390000,0,279,144.05596812287098,-37.63505578599239
20720390000,0,280,144.05611810284464,-37.6350587760021
20720390000,0,281,144.05615811326172,-37.630908765979
20720390000,0,282,144.05802913293613,-37.6309217761
20720390000,0,283,144.06022709245107,-37.63194077624835
20720390000,0,284,144.0624891021162,-37.63138177639111
20720390000,0,285,144.065376111618,-37.63136083657762
20720400000,0,0,144.0645701207051,-37.64165676658923
20720400000,0,1,144.06484941067438,-37.641483866606215
20720400000,0,2,144.0654761203238,-37.64384977666137
20720400000,0,3,144.06560912026217,-37.644226766672304
20720400000,0,4,144.06595412020195,-37.644230786694635
20720400000,0,5,144.06589109013137,-37.6450277866955
20720400000,0,6,144.06642109988536,-37.646534776739074
20720400000,0,7,144.06524309983118,-37.64906178667855
20720400000,0,8,144.07051011886645,-37.64956377702226
20720400000,0,9,144.07050909886348,-37.64959478702237
20720400000,0,10,144.07083310880685,-37.64959878704336
20720400000,0,11,144.07088709907086,-37.64692677703033
20720400000,0,12,144.07088811907857,-37.64684977702991
20720400000,0,13,144.07016910937827,-37.645138786972815
20720400000,0,14,144.07016910937898,-37.645131776972775
20720400000,0,15,144.07900735783878,-37.645208047545026
20720400000,0,16,144.07901735783267,-37.645251027545946
20720400000,0,17,144.07904068782096,-37.645325447547926
20720400000,0,18,144.07906958780836,-37.64539961755025
20720400000,0,19,144.07910371779465,-37.64547566755293
20720400000,0,20,144.07912590778375,-37.645544577554794
20720400000,0,21,144.07913893777481,-37.645609927556045
20720400000,0,22,144.0791375577689,-37.645670497556324
20720400000,0,23,144.07913090776412,-37.645728117556246
20720400000,0,24,144.07911127775864,-37.64581482755551
20720400000,0,25,144.07903330774712,-37.646059527551984
20720400000,0,26,144.07896333773837,-37.64626337754871
20720400000,0,27,144.0789582277363,-37.64629251754857
20720400000,0,28,144.07895826773367,-37.64631817754873
20720400000,0,29,144.0789631177294,-37.646351737549246
20720400000,0,30,144.07897344772442,-37.64638262755011
20720400000,0,31,144.07899939771414,-37.646439237552144
20720400000,0,32,144.07903203770252,-37.6464974475546
20720400000,0,33,144.07904188769956,-37.64650933755533
20720400000,0,34,144.07905579769627,-37.64651836755628
20720400000,0,35,144.079071307693,-37.64652402755732
20720400000,0,36,144.07908886768948,-37.64652852755847
20720400000,0,37,144.07913211768152,-37.64653320756131
20720400000,0,38,144.0792082176682,-37.64653451756624
20720400000,0,39,144.0792515776604,-37.64653686756906
20720400000,0,40,144.079269757657,-37.64653941757026
20720400000,0,41,144.0792831176542,-37.646544307571155
20720400000,0,42,144.07928993765245,-37.64654964757162
20720400000,0,43,144.0792962176505,-37.646558027572084
20720400000,0,44,144.0792984076481,-37.64657785757234
20720400000,0,45,144.0792994676453,-37.646603227572584
20720400000,0,46,144.07929216764143,-37.646653357572404
20720400000,0,47,144.0792750876384,-37.64671185757167
20720400000,0,48,144.0792498276367,-37.64677168757041
20720400000,0,49,144.0792177076364,-37.64682903756868
20720400000,0,50,144.0791731376373,-37.646895817566204
20720400000,0,51,144.07913828763884,-37.646939107564215
20720400000,0,52,144.0790886476425,-37.64698807756131
20720400000,0,53,144.0790492576464,-37.64701647755894
20720400000,0,54,144.07903768764768,-37.647023717558234
20720400000,0,55,144.0790080476514,-37.647037827556396
20720400000,0,56,144.0789999476522,-37.647043597555914
20720400000,0,57,144.07888471766756,-37.64708870754874
20720400000,0,58,144.07884157767316,-37.647106997546054
20720400000,0,59,144.07879791767843,-37.647129737543366
20720400000,0,60,144.07875579768293,-37.64715687754081
20720400000,0,61,144.07872305768512,-37.64719096753891
20720400000,0,62,144.07869874768573,-37.647225937537556
20720400000,0,63,144.0786692576859,-37.647274537535935
20720400000,0,64,144.07864892768453,-37.64732213753492
20720400000,0,65,144.0786350576832,-37.64735850753425
20720400000,0,66,144.07862169768055,-37.64740728753368
20720400000,0,67,144.07861282767809,-37.647446287533356
20720400000,0,68,144.0786064476743,-37.64749409753324
20720400000,0,69,144.07860246766936,-37.647549037533324
20720400000,0,70,144.0786028276631,-37.64760964753372
20720400000,0,71,144.07860998765452,-37.647681457534624
20720400000,0,72,144.0786268076444,-37.64775137753615
20720400000,0,73,144.07864929763485,-37.64780672753794
20720400000,0,74,144.07866341762946,-37.647835877539045
20720400000,0,75,144.07867436762544,-37.64785637753987
20720400000,0,76,144.078697367618,-37.64789012754157
20720400000,0,77,144.07874729760306,-37.64795141754518
20720400000,0,78,144.07880124758785,-37.64800872754903
20720400000,0,79,144.07886573757048,-37.648069077553565
20720400000,0,80,144.07894078755115,-37.64813080755881
20720400000,0,81,144.0790560175224,-37.64821666756681
20720400000,0,82,144.07936421744657,-37.64843527758809
20720400000,0,83,144.07945857742294,-37.64850637759464
20720400000,0,84,144.07954755739985,-37.64858113760086
20720400000,0,85,144.0796100873833,-37.648637117605254
20720400000,0,86,144.07967198736603,-37.64870053760965
20720400000,0,87,144.07973878734646,-37.64877852761446
20720400000,0,88,144.07975980733985,-37.648807537615994
20720400000,0,89,144.079810687331,-37.6488082076193
20720400000,0,90,144.07983006732442,-37.648839487620734
20720400000,0,91,144.07985696731458,-37.6488898976228
20720400000,0,92,144.08053696718466,-37.64900726766753
20720400000,0,93,144.08062657704934,-37.65017727768058
20720400000,0,94,144.080180137127,-37.65017477765167
20720400000,0,95,144.08022912707767,-37.6505737676573
20720400000,0,96,144.08002512701879,-37.651494777649795
20720400000,0,97,144.0798421168046,-37.653896777652804
20720400000,0,98,144.07943396686497,-37.65399876762703
20720400000,0,99,144.07940626689575,-37.653744777623665
20720400000,0,100,144.0795171569173,-37.65334680762837
20720400000,0,101,144.07954916694456,-37.65302577762846
20720400000,0,102,144.0795560269695,-37.652770807627334
20720400000,0,103,144.0794919670113,-37.65247073762133
20720400000,0,104,144.0794782770318,-37.65229380761936
20720400000,0,105,144.07948619705869,-37.652017767618155
20720400000,0,106,144.07944298708165,-37.65186675761442
20720400000,0,107,144.0794302070854,-37.651851467613504
20720400000,0,108,144.07943510708773,-37.65182077761362
20720400000,0,109,144.0794451071004,-37.6516797776134
20720400000,0,110,144.0794481371062,-37.651617777613225
20720400000,0,111,144.07942013711468,-37.65158277761119
20720400000,0,112,144.0793691071269,-37.65154977760768
20720400000,0,113,144.07932308713836,-37.6515157676045
20720400000,0,114,144.07926209714955,-37.6515097776005
20720400000,0,115,144.0791561271625,-37.65156277759397
20720400000,0,116,144.07910711715994,-37.65167078759148
20720400000,0,117,144.07902013715457,-37.65187078758709
20720400000,0,118,144.0789001171543,-37.6520767875806
20720400000,0,119,144.07881908715933,-37.65216476757589
20720400000,0,120,144.0786910871753,-37.65222578756799
20720400000,0,121,144.07852413720025,-37.65226477755743
20720400000,0,122,144.07836411722553,-37.65228877754721
20720400000,0,123,144.0781761072474,-37.65239377753569
20720400000,0,124,144.07811909723412,-37.65261977753342
20720400000,0,125,144.07811409722743,-37.65269377753356
20720400000,0,126,144.07803908723162,-37.65277978752923
20720400000,0,127,144.07798911722895,-37.65289078752667
20720400000,0,128,144.07785410721027,-37.65330177752049
20720400000,0,129,144.07778208720273,-37.65349776751703
20720400000,0,130,144.07756509720903,-37.65380377750488
20720400000,0,131,144.07752111718597,-37.6541037675039
20720400000,0,132,144.0773470871797,-37.654459767494835
20720400000,0,133,144.07698912716552,-37.655204787476286
20720400000,0,134,144.07685911716842,-37.65539677746906
20720400000,0,135,144.07668208718633,-37.655521777458375
20720400000,0,136,144.0762371172249,-37.65589876743192
20720400000,0,137,144.0759890972184,-37.65638276741887
20720400000,0,138,144.07567611722973,-37.65680277740122
20720400000,0,139,144.07551408721483,-37.65722277739332
20720400000,0,140,144.07536513720615,-37.65755977738578
20720400000,0,141,144.07529508720344,-37.657704777382136
20720400000,0,142,144.07513711721305,-37.657878777373
20720400000,0,143,144.07485613723836,-37.658107787356236
20720400000,0,144,144.0745931172776,-37.6581697773396
20720400000,0,145,144.074494577293,-37.65818670733334
20720400000,0,146,144.07447102729776,-37.65817980733176
20720400000,0,147,144.07437707732575,-37.658065767324985
20720400000,0,148,144.074281667361,-37.65788309731768
20720400000,0,149,144.0742420973852,-37.65771376731408
20720400000,0,150,144.07422910740362,-37.65755577731226
20720400000,0,151,144.07419997741704,-37.65747387730986
20720400000,0,152,144.07419997745316,-37.65712076730768
20720400000,0,153,144.0741664374664,-37.65704876730507
20720400000,0,154,144.0741681174709,-37.65700177730489
20720400000,0,155,144.07413712748345,-37.656931777302454
20720400000,0,156,144.07405010749977,-37.65691976729675
20720400000,0,157,144.07400813750448,-37.65694477729418
20720400000,0,158,144.0739241175128,-37.65700577728912
20720400000,0,159,144.07384410751646,-37.657105787284564
20720400000,0,160,144.07375810751944,-37.65722277727972
20720400000,0,161,144.07370412751874,-37.65732077727684
20720400000,0,162,144.07370310750107,-37.65749478727785
20720400000,0,163,144.07362013749275,-37.657716787273856
20720400000,0,164,144.07357108748815,-37.65784476727147
20720400000,0,165,144.07355108747177,-37.658038777271386
20720400000,0,166,144.0736451074257,-37.65832978727927
20720400000,0,167,144.07396309731854,-37.65883777730297
20720400000,0,168,144.0739611273022,-37.659000777303866
20720400000,0,169,144.07389410729758,-37.65915978730051
20720400000,0,170,144.07393411727975,-37.65926577730375
20720400000,0,171,144.07397510725187,-37.65946877730765
20720400000,0,172,144.07390513725235,-37.65958276730384
20720400000,0,173,144.0736811372777,-37.65971478729017
20720400000,0,174,144.0735100973089,-37.659699787279
20720400000,0,175,144.0733460973441,-37.659633777267985
20720400000,0,176,144.073166667377,-37.65961640725627
20720400000,0,177,144.073141187382,-37.65961081725458
20720400000,0,178,144.07313691738239,-37.65961434725434
20720400000,0,179,144.07301212740492,-37.65960578724621
20720400000,0,180,144.0728731374193,-37.65970077723781
20720400000,0,181,144.0728261174204,-37.65976978723519
20720400000,0,182,144.0728131274076,-37.65991676723525
20720400000,0,183,144.07287010736556,-37.66023076724089
20720400000,0,184,144.07286112733172,-37.66057677724244
20720400000,0,185,144.07281009732665,-37.66071276723998
20720400000,0,186,144.07263909734894,-37.660784767229366
20720400000,0,187,144.07251327736324,-37.66085830722169
20720400000,0,188,144.0724419573725,-37.66088918721727
20720400000,0,189,144.07210210742318,-37.660969767195795
20720400000,0,190,144.0720430874184,-37.661116767192865
20720400000,0,191,144.07196811741488,-37.66127777718902
20720400000,0,192,144.0718971274139,-37.66140777718523
20720400000,0,193,144.07176911742476,-37.66151877717763
20720400000,0,194,144.07161409745072,-37.661527787167664
20720400000,0,195,144.07148090747495,-37.661517057158996
20720400000,0,196,144.07121916754298,-37.66129579714069
20720400000,0,197,144.07100710760477,-37.66105179712546
20720400000,0,198,144.070585167697,-37.66086576709702
20720400000,0,199,144.0704469377341,-37.66073777708728
20720400000,0,200,144.07042821775636,-37.660551767084925
20720400000,0,201,144.070451207755,-37.66052602708625
20720400000,0,202,144.07057709773625,-37.66049578709422
20720400000,0,203,144.0705752377587,-37.66027947709275
20720400000,0,204,144.07058625776887,-37.66016178709274
20720400000,0,205,144.0704642078104,-37.659962797083615
20720400000,0,206,144.07035714784269,-37.659828597075865
20720400000,0,207,144.0702811178714,-37.659676767069996
20720400000,0,208,144.07016702791245,-37.65946932706133
20720400000,0,209,144.07004412797446,-37.659071797050935
20720400000,0,210,144.06976800808332,-37.65847581702939
20720400000,0,211,144.06943428818656,-37.658032747005066
20720400000,0,212,144.06923875822815,-37.657957936991956
20720400000,0,213,144.06907212826607,-37.65786977698063
20720400000,0,214,144.06893711829633,-37.65780277697148
20720400000,0,215,144.0688471083105,-37.657816776965745
20720400000,0,216,144.06869066833346,-37.65785812695589
20720400000,0,217,144.06832241839822,-37.65784892693202
20720400000,0,218,144.06826708841064,-37.65782177692827
20720400000,0,219,144.06791610847014,-37.65783477690566
20720400000,0,220,144.06771228849973,-37.65789142689282
20720400000,0,221,144.0674859485359,-37.657921786878376
20720400000,0,222,144.06737831854977,-37.65796868687171
20720400000,0,223,144.06734111855536,-37.65797678686936
20720400000,0,224,144.0671340885855,-37.65803378685632
20720400000,0,225,144.06698509860658,-37.65807977684697
20720400000,0,226,144.06689012860764,-37.65823076684176
20720400000,0,227,144.06678609861586,-37.65832678683564
20720400000,0,228,144.066652108634,-37.65837677682727
20720400000,0,229,144.06643511867256,-37.65836777681317
20720400000,0,230,144.06622710869257,-37.658524776800704
20720400000,0,231,144.06600112872096,-37.658630776786744
20720400000,0,232,144.065965108724,-37.65866178678462
20720400000,0,233,144.0659110887251,-37.658742776781615
20720400000,0,234,144.0658041387322,-37.65885477677541
20720400000,0,235,144.06559908875926,-37.65893778676267
20720400000,0,236,144.06531613879366,-37.65908176674525
20720400000,0,237,144.06521411880294,-37.659163776739156
20720400000,0,238,144.06513213881072,-37.65922677673424
20720400000,0,239,144.06501409881935,-37.65934276672735
20720400000,0,240,144.06493810882515,-37.65941476672287
20720400000,0,241,144.0646931188518,-37.65956978670799
20720400000,0,242,144.06446411888112,-37.659671776693806
20720400000,0,243,144.06437509889204,-37.65971578668834
20720400000,0,244,144.06409612891528,-37.65996177667181
20720400000,0,245,144.06396811891906,-37.660141786664646
20720400000,0,246,144.06394311891643,-37.66020977666345
20720400000,0,247,144.06384810891308,-37.66040377665851
20720400000,0,248,144.06376309889978,-37.66067778665471
20720400000,0,249,144.0635921288998,-37.66096777664546
20720400000,0,250,144.06342043891118,-37.66114784663546
20720400000,0,251,144.0631882989356,-37.66130280662141
20720400000,0,252,144.063046168956,-37.66134433661249
20720400000,0,253,144.062890088981,-37.66136478660252
20720400000,0,254,144.06275908900128,-37.66138877659419
20720400000,0,255,144.06236609905793,-37.66150177656949
20720400000,0,256,144.06173011916314,-37.661551776528675
20720400000,0,257,144.0614971091935,-37.66164977651423
20720400000,0,258,144.0610031192566,-37.66187077648367
20720400000,0,259,144.0608471192719,-37.66198576647431
20720400000,0,260,144.06057609930252,-37.66214677645778
20720400000,0,261,144.0604450993105,-37.6622907764502
20720400000,0,262,144.06026311932905,-37.66241778643922
20720400000,0,263,144.06015412934065,-37.66248978643262
20720400000,0,264,144.06005108935247,-37.66254878642633
20720400000,0,265,144.05993712935813,-37.66268677641982
20720400000,0,266,144.05984755936433,-37.66277799641459
20720400000,0,267,144.05971604937756,-37.662871776406654
20720400000,0,268,144.0595310294016,-37.662950806395195
20720400000,0,269,144.0593650694393,-37.66286376638394
20720400000,0,270,144.05939167945527,-37.66266238638441
20720400000,0,271,144.05944105946406,-37.66249291638655
20720400000,0,272,144.0597582094792,-37.66180680640281
20720400000,0,273,144.0600596994772,-37.66131447641925
20720400000,0,274,144.06017510947447,-37.66114577642566
20720400000,0,275,144.0602287294761,-37.66103851642846
20720400000,0,276,144.06048214947447,-37.660624746442295
20720400000,0,277,144.0606823894942,-37.66009233645194
20720400000,0,278,144.06081108949647,-37.659851776458765
20720400000,0,279,144.06089999950376,-37.65962957646314
20720400000,0,280,144.06102172950102,-37.659450036469906
20720400000,0,281,144.06128733946755,-37.659326116486305
20720400000,0,282,144.06175212938567,-37.65933877651642
20720400000,0,283,144.06188911936343,-37.6593237665252
20720400000,0,284,144.06215508932064,-37.65929078654218
20720400000,0,285,144.0623430992908,-37.65926377655416
20720400000,0,286,144.06250709926704,-37.65921778656449
20720400000,0,287,144.0625830892733,-37.659027766568215
20720400000,0,288,144.06259009927987,-37.6589517765682
20720400000,0,289,144.06253008929764,-37.658879766563885
20720400000,0,290,144.0623241193383,-37.65883177655027
20720400000,0,291,144.0622298093554,-37.658824726544125
20720400000,0,292,144.06206405939787,-37.65869001653258
20720400000,0,293,144.06198412942638,-37.65854676652653
20720400000,0,294,144.06199510945385,-37.65825977652547
20720400000,0,295,144.06196609947094,-37.65814178652286
20720400000,0,296,144.0617220895319,-37.657959786505955
20720400000,0,297,144.06157291957192,-37.65782119649547
20720400000,0,298,144.06154561958357,-37.65775369649328
20720400000,0,299,144.06155210958613,-37.65771778649348
20720400000,0,300,144.0616961395726,-37.65760578650208
20720400000,0,301,144.06181008956298,-37.657506776508846
20720400000,0,302,144.0618381295807,-37.65728577650927
20720400000,0,303,144.0616621196369,-37.65703478649637
20720400000,0,304,144.06162393964766,-37.65699419649365
20720400000,0,305,144.06150308969188,-37.65676680648443
20720400000,0,306,144.06154195970655,-37.65655774648563
20720400000,0,307,144.06175219968767,-37.65638574649817
20720400000,0,308,144.06224794962438,-37.65616380652886
20720400000,0,309,144.06238737960953,-37.656072446537294
20720400000,0,310,144.06243712960168,-37.65606477654046
20720400000,0,311,144.06270609956525,-37.655964776557234
20720400000,0,312,144.06289125956567,-37.65564628656723
20720400000,0,313,144.06291899956403,-37.65561579656883
20720400000,0,314,144.06291779956638,-37.65559440656863
20720400000,0,315,144.06294513956794,-37.655532766570005
20720400000,0,316,144.0629270995802,-37.6554437865683
20720400000,0,317,144.06293213959344,-37.655305776567765
20720400000,0,318,144.06292709961772,-37.65507677656603
20720400000,0,319,144.0629580896253,-37.654949776567236
20720400000,0,320,144.06307309963597,-37.65465077657282
20720400000,0,321,144.0630763196435,-37.65457180657255
20720400000,0,322,144.06309901965707,-37.65440078657296
20720400000,0,323,144.0630913496604,-37.654381016572344
20720400000,0,324,144.06310412966732,-37.654291766572605
20720400000,0,325,144.06305809968774,-37.654169776568885
20720400000,0,326,144.06297371971195,-37.65407618656285
20720400000,0,327,144.06297009971357,-37.654066806562554
20720400000,0,328,144.0629504597322,-37.65391758656037
20720400000,0,329,144.06302510974535,-37.65366276656362
20720400000,0,330,144.063293129732,-37.653338776578934
20720400000,0,331,144.06347408971993,-37.65314978658947
20720400000,0,332,144.0635968097088,-37.653050236596776
20720400000,0,333,144.0636384897048,-37.65301904659928
20720400000,0,334,144.06378211968462,-37.65297277660829
20720400000,0,335,144.06393110966786,-37.652883776617365
20720400000,0,336,144.06395475966997,-37.65282301661852
20720400000,0,337,144.0641609896461,-37.65270681663113
20720400000,0,338,144.06467325957902,-37.65249390666293
20720400000,0,339,144.06469910957432,-37.652495766664615
20720400000,0,340,144.06481911955657,-37.652465786672195
20720400000,0,341,144.06486787955222,-37.65242585667511
20720400000,0,342,144.0651592595083,-37.65236075669354
20720400000,0,343,144.06529715949895,-37.65221875670157
20720400000,0,344,144.06526645950825,-37.652179756699354
20720400000,0,345,144.06528211950942,-37.65214177670012
20720400000,0,346,144.06519509954643,-37.65192778669318
20720400000,0,347,144.06519108955314,-37.651868766692544
20720400000,0,348,144.06499409958434,-37.65189777667999
20720400000,0,349,144.06488010960217,-37.65191677667274
20720400000,0,350,144.0647011096324,-37.65192476666122
20720400000,0,351,144.06438209968366,-37.651964786640846
20720400000,0,352,144.06314011989707,-37.65198378656066
20720400000,0,353,144.06295808993224,-37.65194877654868
20720400000,0,354,144.0627971299767,-37.65178677653727
20720400000,0,355,144.06275408999974,-37.65163477653355
20720400000,0,356,144.06282512001397,-37.651374786536536
20720400000,0,357,144.0630901100211,-37.65085578655046
20720400000,0,358,144.0633851100032,-37.650530776567514
20720400000,0,359,144.06427212997227,-37.64932877661742
20720400000,0,360,144.06456912996998,-37.64884777663365
20720400000,0,361,144.06478812998125,-37.64836577664484
20720400000,0,362,144.06484411998218,-37.6482617666478
20720400000,0,363,144.06488412000002,-37.64801976664889
20720400000,0,364,144.06492511002125,-37.647742766649834
20720400000,0,365,144.06506611001825,-37.647532776657634
20720400000,0,366,144.06519211003456,-37.64715977666348
20720400000,0,367,144.06525712005703,-37.64682977666565
20720400000,0,368,144.06531512008337,-37.6464737766672
20720400000,0,369,144.0653431101005,-37.646258776667665
20720400000,0,370,144.0653161401179,-37.64613476666517
20720400000,0,371,144.06526913014034,-37.64599477666125
20720400000,0,372,144.06525110015727,-37.64585978665926
20720400000,0,373,144.06528511016396,-37.64573677666069
20720400000,0,374,144.065225110194,-37.645544786655634
20720400000,0,375,144.0651211202289,-37.64537978664789
20720400000,0,376,144.06506013025304,-37.64524676664312
20720400000,0,377,144.06503812026702,-37.64514777664108
20720400000,0,378,144.06504513029537,-37.64485878663975
20720400000,0,379,144.0650550903059,-37.644738776639656
20720400000,0,380,144.06488212035555,-37.644546786627274
20720400000,0,381,144.06479109037767,-37.644484776621006
20720400000,0,382,144.0647801403954,-37.64432977661934
20720400000,0,383,144.06480211040977,-37.644151766619665
20720400000,0,384,144.0648251004378,-37.643838766619204
20720400000,0,385,144.0648211304492,-37.643733786618306
20720400000,0,386,144.06482813045815,-37.64363476661814
20720400000,0,387,144.06483412047714,-37.643438776617316
20720400000,0,388,144.0648291205053,-37.643171766615346
20720400000,0,389,144.0648481305206,-37.64298976661546
20720400000,0,390,144.0648701105307,-37.64285377661602
20720400000,0,391,144.06469013065666,-37.64192677659866
20720400000,0,392,144.0645701207051,-37.64165676658923
20720410000,0,0,144.98039815801792,-37.773612258343896
20720410000,0,1,144.98041677802433,-37.77352342834462
20720410000,0,2,144.9804713780534,-37.77316886834615
20720410000,0,3,144.98028069808862,-37.77314872833297
20720410000,0,4,144.9801926281047,-37.77314143832692
20720410000,0,5,144.98028752814835,-37.772587968329965
20720410000,0,6,144.980363448134,-37.77259906833524
20720410000,0,7,144.98104427800777,-37.77267432838228
20720410000,0,8,144.98088473792765,-37.773666778377525
20720410000,0,9,144.9807031879615,-37.773645008364966
20720410000,0,10,144.98039815801792,-37.773612258343896
20720420000,0,0,144.93834096681763,-37.7596898453836
20720420000,0,1,144.9374133969899,-37.75958341531964
20720420000,0,2,144.9374199669986,-37.75949283531951
20720420000,0,3,144.9375219470399,-37.7589478253231
20720420000,0,4,144.9375089570923,-37.75848482531933
20720420000,0,5,144.93743095717673,-37.75782983530995
20720420000,0,6,144.93740634718813,-37.757763975307874
20720420000,0,7,144.93847766698852,-37.75789247538176
20720420000,0,8,144.93855595696712,-37.75796482538755
20720420000,0,9,144.9384709468069,-37.75958084539179
20720420000,0,10,144.93834096681763,-37.7596898453836
20720430000,0,0,144.93844718560695,-37.77069945545916
20720430000,0,1,144.93860048557838,-37.77071793546975
20720430000,0,2,144.93884492544333,-37.77157365549174
20720430000,0,3,144.93844827551516,-37.77154508546449
20720430000,0,4,144.93837425555063,-37.771336095458146
20720430000,0,5,144.9382872455795,-37.771209095451425
20720430000,0,6,144.93815427561358,-37.77110708544171
20720430000,0,7,144.93795231565866,-37.77101408542735
20720430000,0,8,144.93772630570217,-37.77097408541167
20720430000,0,9,144.93724330578507,-37.770982095378756
20720430000,0,10,144.93751541578106,-37.770583455394856
20720430000,0,11,144.93844718560695,-37.77069945545916
20720440000,0,0,144.9805432134379,-37.72343465804221
20720440000,0,1,144.98041758345354,-37.72349061803396
20720440000,0,2,144.98026599346517,-37.72362564802443
20720440000,0,3,144.98017803346667,-37.72375194801919
20720440000,0,4,144.98009707347683,-37.723787268013865
20720440000,0,5,144.98005032347146,-37.72391176801146
20720440000,0,6,144.9799288434871,-37.72396099800345
20720440000,0,7,144.97914114362788,-37.723919857949305
20720440000,0,8,144.9786442637196,-37.72386684791499
20720440000,0,9,144.98021730359335,-37.72252104801424
20720440000,0,10,144.98047361354622,-37.722546698031934
20720440000,0,11,144.98148039335882,-37.72266845810157
20720440000,0,12,144.98066939342192,-37.723380788050505
20720440000,0,13,144.9805432134379,-37.72343465804221
20720460000,0,0,144.97923987020403,-37.755324108151115
20720460000,0,1,144.97906139024616,-37.75522102813828
20720460000,0,2,144.9790659502506,-37.75517282813829
20720460000,0,3,144.97908635025854,-37.75506689813902
20720460000,0,4,144.97907708027907,-37.75489281813731
20720460000,0,5,144.97911026029266,-37.754714548138466
20720460000,0,6,144.97903916032962,-37.754487198132196
20720460000,0,7,144.97887472036024,-37.754467908120816
20720460000,0,8,144.97890692037387,-37.75429084812194
20720460000,0,9,144.97887016039314,-37.75417162811868
20720460000,0,10,144.97901072036692,-37.7541887281284
20720460000,0,11,144.9792458903239,-37.75420986814462
20720460000,0,12,144.97930897029607,-37.75436583814991
20720460000,0,13,144.97952238023973,-37.75454430816561
20720460000,0,14,144.97958096022268,-37.75460783817002
20720460000,0,15,144.97965597019947,-37.75470183817573
20720460000,0,16,144.97965393019354,-37.754759838175936
20720460000,0,17,144.97952417020497,-37.7548615481677
20720460000,0,18,144.97947394020258,-37.754963838164905
20720460000,0,19,144.97947091019947,-37.7549975381649
20720460000,0,20,144.97951088018505,-37.75506658816807
20720460000,0,21,144.97956990015962,-37.75520679817297
20720460000,0,22,144.97962283013368,-37.755360888177556
20720460000,0,23,144.97923987020403,-37.755324108151115
20720470000,0,0,144.98178677010398,-37.75218082830586
20720470000,0,1,144.98031195038192,-37.75197375820367
20720470000,0,2,144.9806230705125,-37.750274028214406
20720470000,0,3,144.98077491048534,-37.75028183822484
20720470000,0,4,144.98084682047548,-37.75025784822961
20720470000,0,5,144.9809598604366,-37.75043581823845
20720470000,0,6,144.98114780038603,-37.75060184825233
20720470000,0,7,144.9812142303646,-37.75069334825746
20720470000,0,8,144.98127883034164,-37.75080183826254
20720470000,0,9,144.9813097803215,-37.75093782826551
20720470000,0,10,144.98134110030534,-37.75103681826826
20720470000,0,11,144.9815257902407,-37.751337868282775
20720470000,0,12,144.9816470802038,-37.751483858291984
20720470000,0,13,144.98177600015381,-37.751738828302386
20720470000,0,14,144.98180589013387,-37.75187481830527
20720470000,0,15,144.98182327010738,-37.75209133830781
20720470000,0,16,144.98178677010398,-37.75218082830586
20720480000,0,0,144.23160290017435,-37.07187968389067
20720480000,0,1,144.2335111297794,-37.07258179401972
20720480000,0,2,144.23327113977777,-37.07299778400665
20720480000,0,3,144.2331431297771,-37.07321778399968
20720480000,0,4,144.23228815996467,-37.0727987739412
20720480000,0,5,144.231881139848,-37.07462378392609
20720480000,0,6,144.23183215983434,-37.074839793924234
20720480000,0,7,144.23168257981084,-37.07532029391749
20720480000,0,8,144.22662022080533,-37.07398190357848
20720480000,0,9,144.22679115082596,-37.073493783586585
20720480000,0,10,144.2269351408349,-37.07316578359392
20720480000,0,11,144.2270601508423,-37.07288478360031
20720480000,0,12,144.22700015086437,-37.07276779359567
20720480000,0,13,144.22691616090384,-37.072519783588625
20720480000,0,14,144.22689013093085,-37.07229778358553
20720480000,0,15,144.2268611509623,-37.072036783582
20720480000,0,16,144.2283481606943,-37.072192793680074
20720480000,0,17,144.22843715078918,-37.071111783679086
20720480000,0,18,144.22828670085843,-37.07068163366656
20720480000,0,19,144.22825531087193,-37.07060099366401
20720480000,0,20,144.22878193079129,-37.07051600369787
20720480000,0,21,144.22881255077928,-37.070583033700295
20720480000,0,22,144.2310161702958,-37.071663783850994
20720480000,0,23,144.23160290017435,-37.07187968389067
20720490000,0,0,141.95218301828382,-38.098079431992076
20720490000,0,1,141.90705665700938,-38.090434549426
20720490000,0,2,141.9068491203021,-38.05393973919488
20720490000,0,3,141.9217917074999,-38.05554266003801
20720490000,0,4,141.92153142740835,-38.05708665003279
20720490000,0,5,141.921757467366,-38.05711064004554
20720490000,0,6,141.92392447692527,-38.05772766017021
20720490000,0,7,141.92369346684313,-38.059107640165614
20720490000,0,8,141.92388545679106,-38.059308650177556
20720490000,0,9,141.92654944602742,-38.062549640345786
20720490000,0,10,141.9263694659141,-38.06417764034553
20720490000,0,11,141.92586546595152,-38.0647626503209
20720490000,0,12,141.9268134457213,-38.065450650377976
20720490000,0,13,141.92687644564268,-38.06620565038603
20720490000,0,14,141.9266784356595,-38.06641165037621
20720490000,0,15,141.92497545595637,-38.06648265028158
20720490000,0,16,141.92362046627403,-38.065626660200785
20720490000,0,17,141.92349245629325,-38.06566665019388
20720490000,0,18,141.92153945687022,-38.06309865006941
20720490000,0,19,141.920317477301,-38.06070964998684
20720490000,0,20,141.9203764573665,-38.05985864998501
20720490000,0,21,141.9176924677621,-38.06077865984078
20720490000,0,22,141.91638342736078,-38.06788564981051
20720490000,0,23,141.92050343658582,-38.0683496500432
20720490000,0,24,141.91916943676296,-38.06902563997283
20720490000,0,25,141.9188194367901,-38.06941965995566
20720490000,0,26,141.91768446695892,-38.06979264989458
20720490000,0,27,141.91781145691868,-38.06998965990285
20720490000,0,28,141.91872146678193,-38.06970664995192
20720490000,0,29,141.91902843670388,-38.069968639970625
20720490000,0,30,141.91949045661661,-38.07002463999675
20720490000,0,31,141.9185664566781,-38.07117864995213
20720490000,0,32,141.9187704560984,-38.07726366000013
20720490000,0,33,141.92539943491965,-38.07724266036999
20720490000,0,34,141.92546645477924,-38.07868064038238
20720490000,0,35,141.92596847469096,-38.07866766041033
20720490000,0,36,141.92596642469854,-38.07858664040973
20720490000,0,37,141.9286867042162,-38.07856265056146
20720490000,0,38,141.92870743414335,-38.079336650567285
20720490000,0,39,141.9367884625811,-38.080711651026945
20720490000,0,40,141.9370144325384,-38.08073866103973
20720490000,0,41,141.93934846323899,-38.06825665109505
20720490000,0,42,141.93927746339926,-38.066605661081134
20720490000,0,43,141.9481135317373,-38.067600121581094
20720490000,0,44,141.94383445233282,-38.06945865135302
20720490000,0,45,141.95271942975208,-38.08061765191704
20720490000,0,46,141.95356242964095,-38.08018164196158
20720490000,0,47,141.9559814289384,-38.08321564211518
20720490000,0,48,141.95218301828382,-38.098079431992076
20720500000,0,0,144.23986781896585,-37.069986274418724
20720500000,0,1,144.23947813898425,-37.0704547943962
20720500000,0,2,144.23931910899296,-37.07063377438694
20720500000,0,3,144.23866813916467,-37.070031214340624
20720500000,0,4,144.2387301491621,-37.069952794344175
20720500000,0,5,144.23823713935244,-37.06890378430537
20720500000,0,6,144.2379881394484,-37.06837578428578
20720500000,0,7,144.23778815953744,-37.0678336042693
20720500000,0,8,144.23818673952763,-37.06726613429178
20720500000,0,9,144.23857509935593,-37.0683068843237
20720500000,0,10,144.23912613915536,-37.06935977436632
20720500000,0,11,144.23980138898312,-37.069927194414014
20720500000,0,12,144.23986781896585,-37.069986274418724
20720510000,0,0,144.23424415204937,-37.049041783919634
20720510000,0,1,144.23459715221782,-37.04679678392858
20720510000,0,2,144.2347451522879,-37.04586078393236
20720510000,0,3,144.23487513234602,-37.0450727939359
20720510000,0,4,144.23490915235826,-37.04489578393701
20720510000,0,5,144.23534817253093,-37.042465783950405
20720510000,0,6,144.23545814257284,-37.04187079395385
20720510000,0,7,144.2356941525299,-37.041899783969455
20720510000,0,8,144.2385561520119,-37.042227784158506
20720510000,0,9,144.23867617205806,-37.04157379416224
20720510000,0,10,144.23870314206906,-37.04142078416303
20720510000,0,11,144.23870613206978,-37.04140879416316
20720510000,0,12,144.23908113221603,-37.039345784174685
20720510000,0,13,144.23909088222467,-37.039244954174684
20720510000,0,14,144.2406362219456,-37.03941575427675
20720510000,0,15,144.24024516178577,-37.04163878426517
20720510000,0,16,144.2404724817446,-37.0416650142802
20720510000,0,17,144.23950614135404,-37.04711478425132
20720510000,0,18,144.23949015133957,-37.047283784251334
20720510000,0,19,144.24020515121032,-37.04736377429856
20720510000,0,20,144.24016613114887,-37.04803279430021
20720510000,0,21,144.24088215087767,-37.049506774356274
20720510000,0,22,144.2397411610681,-37.049534784281896
20720510000,0,23,144.2377898414431,-37.049097614151634
20720510000,0,24,144.2362683017236,-37.048873394050815
20720510000,0,25,144.23489718194892,-37.048941473961676
20720510000,0,26,144.23424415204937,-37.049041783919634
20720520000,0,0,144.21926196739477,-37.02139310276751
20720520000,0,1,144.21614505795858,-37.02103479256188
20720520000,0,2,144.21405502833665,-37.02079452242401
20720520000,0,3,144.2058931498094,-37.01989179188597
20720520000,0,4,144.20586022980663,-37.01997421188434
20720520000,0,5,144.20115659066073,-37.01940135157408
20720520000,0,6,144.20094098070732,-37.01930190155939
20720520000,0,7,144.2010434406992,-37.0192108215655
20720520000,0,8,144.20375415050012,-37.01664977172611
20720520000,0,9,144.19963216148622,-37.01380277143948
20720520000,0,10,144.1975331619884,-37.012351781293546
20720520000,0,11,144.1985361819394,-37.011160791351436
20720520000,0,12,144.20360117101794,-37.01179778168561
20720520000,0,13,144.20904415984845,-37.01424979205596
20720520000,0,14,144.216733838462,-37.01509235256291
20720520000,0,15,144.21674215847278,-37.014971792562676
20720520000,0,16,144.2168584084515,-37.014987882570374
20720520000,0,17,144.2249265169923,-37.015916123102805
20720520000,0,18,144.22522183686982,-37.01663009312657
20720520000,0,19,144.22707409656115,-37.016583733247224
20720520000,0,20,144.22584131671127,-37.01715962317035
20720520000,0,21,144.22263770705933,-37.01906972297323
20720520000,0,22,144.21926196739477,-37.02139310276751
20720530000,0,0,144.26584314367545,-37.078690846172265
20720530000,0,1,144.26573244364425,-37.0791809861681
20720530000,0,2,144.2657108736479,-37.07918111616668
20720530000,0,3,144.26483739377716,-37.07936603611069
20720530000,0,4,144.2643195238167,-37.079839366079774
20720530000,0,5,144.26355989396478,-37.079650586028855
20720530000,0,6,144.26358441396707,-37.07958700603006
20720530000,0,7,144.2635366739852,-37.07948897602633
20720530000,0,8,144.26345155403686,-37.07912363601846
20720530000,0,9,144.26244923421217,-37.07907109595253
20720530000,0,10,144.26232980423262,-37.0790688359447
20720530000,0,11,144.2624693441759,-37.079392885955876
20720530000,0,12,144.26198049426318,-37.0793500959236
20720530000,0,13,144.26157177434592,-37.07921811589604
20720530000,0,14,144.26155005440822,-37.078643155891
20720530000,0,15,144.26350338408255,-37.07858922601849
20720530000,0,16,144.2635140440898,-37.07850034601863
20720530000,0,17,144.2635322940944,-37.07842472601936
20720530000,0,18,144.26486728384623,-37.07863900610808
20720530000,0,19,144.26555140370908,-37.078846156154164
20720530000,0,20,144.26584314367545,-37.078690846172265
20720550000,0,0,144.21511712923456,-37.10861577304518
20720550000,0,1,144.2153551491232,-37.10931322306508
20720550000,0,2,144.21551315906285,-37.10964278307746
20720550000,0,3,144.215268169104,-37.1096467830615
20720550000,0,4,144.21143216980093,-37.10919878280843
20720550000,0,5,144.21114016967752,-37.11089978280006
20720550000,0,6,144.21139113963198,-37.11092877281661
20720550000,0,7,144.21259815941318,-37.11106478289621
20720550000,0,8,144.2123741593247,-37.1123087828894
20720550000,0,9,144.2113141196026,-37.1113457828142
20720550000,0,10,144.21106310964524,-37.11134578279782
20720550000,0,11,144.20911112999957,-37.1111207826691
20720550000,0,12,144.20897312002467,-37.111104782659986
20720550000,0,13,144.20893316005015,-37.11092078265623
20720550000,0,14,144.2085321703094,-37.10904077261828
20720550000,0,15,144.20856115032257,-37.10886279261905
20720550000,0,16,144.20738315053663,-37.10872478254136
20720550000,0,17,144.20770614066413,-37.10693177255116
20720550000,0,18,144.20860816050026,-37.107036782610656
20720550000,0,19,144.20890115045742,-37.106968772629344
20720550000,0,20,144.2106871302219,-37.10630277274165
20720550000,0,21,144.21256913991948,-37.10613478286336
20720550000,0,22,144.21339812968975,-37.10700979292294
20720550000,0,23,144.21399712962358,-37.10666079295983
20720550000,0,24,144.2142101395637,-37.10689377297519
20720550000,0,25,144.2148621392804,-37.10859078302839
20720550000,0,26,144.21511712923456,-37.10861577304518
20720560000,0,0,143.98131170623734,-37.1357415480722
20720560000,0,1,144.0036372621858,-37.138255799524224
20720560000,0,2,144.00214517171258,-37.1454947694735
20720560000,0,3,144.00074295121874,-37.152786839428906
20720560000,0,4,144.0005191712595,-37.15276077941433
20720560000,0,5,143.982531174527,-37.150721758244394
20720560000,0,6,143.9832041947978,-37.14688076826363
20720560000,0,7,143.9829881948407,-37.14681975824935
20720560000,0,8,143.98088316522507,-37.14656075811241
20720560000,0,9,143.98320116492673,-37.14560077825542
20720560000,0,10,143.98345816489973,-37.14543377827089
20720560000,0,11,143.983688184992,-37.14412376827748
20720560000,0,12,143.98345017502652,-37.14418376826255
20720560000,0,13,143.98272918513078,-37.14436776821734
20720560000,0,14,143.98227220529154,-37.14354076818279
20720560000,0,15,143.98165115537407,-37.14377177814432
20720560000,0,16,143.98039917547186,-37.14492176807102
20720560000,0,17,143.98123115527326,-37.145489778128066
20720560000,0,18,143.98040617533053,-37.14631875808022
20720560000,0,19,143.97488818633803,-37.145639537721316
20720560000,0,20,143.97681115704682,-37.135306527780195
20720560000,0,21,143.97681640705554,-37.13521096777993
20720560000,0,22,143.98131170623734,-37.1357415480722
20720570000,0,0,144.10834188836753,-36.99959302541696
20720570000,0,1,144.10495216852274,-37.00374578522343
20720570000,0,2,144.08891319141614,-37.00196476417359
20720570000,0,3,144.08734315137448,-37.00501978409118
20720570000,0,4,144.08707319138958,-37.00532377407563
20720570000,0,5,144.08474811186838,-37.00447578391983
20720570000,0,6,144.0859272719799,-37.00138362397669
20720570000,0,7,144.08693018192656,-37.00022682403432
20720570000,0,8,144.08901415172684,-36.99870674415964
20720570000,0,9,144.09002305187087,-36.99557871420526
20720570000,0,10,144.09070045179155,-36.995228004246904
20720570000,0,11,144.09079115176496,-36.99533976425349
20720570000,0,12,144.0908881712728,-37.0000677742895
20720570000,0,13,144.0942691707052,-37.0000237845081
20720570000,0,14,144.0942231809571,-36.99759776448987
20720570000,0,15,144.09527116099267,-36.995482774544406
20720570000,0,16,144.0955631711096,-36.99382977455293
20720570000,0,17,144.0956284311107,-36.993709474556404
20720570000,0,18,144.09854817055222,-36.994350774749506
20720570000,0,19,144.0999321802541,-36.99498677484316
20720570000,0,20,144.10030218017425,-36.995157784868184
20720570000,0,21,144.09991915001547,-36.99737878485735
20720570000,0,22,144.1026001795336,-36.99765977503277
20720570000,0,23,144.10281319961155,-36.996527785039454
20720570000,0,24,144.1063191688551,-36.9981497752768
20720570000,0,25,144.1064681988227,-36.9982207752869
20720570000,0,26,144.1065451788058,-36.99825977529215
20720570000,0,27,144.10669715877182,-36.998341785302514
20720570000,0,28,144.1067721687548,-36.99838477530764
20720570000,0,29,144.106845168738,-36.998428765312646
20720570000,0,30,144.1069181687211,-36.99847377531765
20720570000,0,31,144.10699094870395,-36.998522025322686
20720570000,0,32,144.10834188836753,-36.99959302541696
20720590000,0,0,145.00935520647826,-37.83350092069831
20720590000,0,1,145.00931614644853,-37.8338359806977
20720590000,0,2,145.00926603643757,-37.8340163306954
20720590000,0,3,145.0092105164488,-37.83400163069148
20720590000,0,4,145.00915145646132,-37.83398119068731
20720590000,0,5,145.0090398464862,-37.833930700679346
20720590000,0,6,145.00898801649842,-37.83390091067562
20720590000,0,7,145.00888252652402,-37.833834310667974
20720590000,0,8,145.00877809655063,-37.83375647066034
20720590000,0,9,145.0087115265685,-37.83369914065542
20720590000,0,10,145.00863845658893,-37.833627850649975
20720590000,0,11,145.00857183660867,-37.83355271064493
20720590000,0,12,145.00852610662304,-37.83349412064144
20720590000,0,13,145.00847139664134,-37.833413200637175
20720590000,0,14,145.0084347066545,-37.83335074063429
20720590000,0,15,145.00839258667116,-37.83326524063086
20720590000,0,16,145.00831298670548,-37.833077150624256
20720590000,0,17,145.00824965672894,-37.8329628306192
20720590000,0,18,145.0081686667558,-37.83284521061292
20720590000,0,19,145.00807828678325,-37.832737580606064
20720590000,0,20,145.00797604681205,-37.83263649059843
20720590000,0,21,145.00787198683958,-37.83254929059075
20720590000,0,22,145.00779103686006,-37.832490440584834
20720590000,0,23,145.0077154068786,-37.83244112057935
20720590000,0,24,145.00763656689728,-37.83239503057365
20720590000,0,25,145.00755484691615,-37.8323521905678
20720590000,0,26,145.00747059693506,-37.832312860561764
20720590000,0,27,145.0073835069541,-37.83227695055559
20720590000,0,28,145.00729455697308,-37.8322447405493
20720590000,0,29,145.007203496992,-37.83221629054287
20720590000,0,30,145.00636610716202,-37.83199094048408
20720590000,0,31,145.00644823719435,-37.83156296048706
20720590000,0,32,145.00678319712637,-37.83165296051059
20720590000,0,33,145.0071772170503,-37.83172297053802
20720590000,0,34,145.00743621699846,-37.83178596055615
20720590000,0,35,145.00768718694624,-37.831864950573845
20720590000,0,36,145.00792520688844,-37.83201595059109
20720590000,0,37,145.00817023682694,-37.83218994060897
20720590000,0,38,145.00837919677156,-37.832364930624365
20720590000,0,39,145.00851121673074,-37.83252894063444
20720590000,0,40,145.00864024668502,-37.83274294064461
20720590000,0,41,145.0088812165972,-37.833164950663736
20720590000,0,42,145.00900721655816,-37.83332194067335
20720590000,0,43,145.00915120652175,-37.83342693068386
20720590000,0,44,145.00935520647826,-37.83350092069831
20720600000,0,0,145.00407525730867,-37.834297980341425
20720600000,0,1,145.00445310719508,-37.83473835037003
20720600000,0,2,145.00417085723575,-37.834814850351165
20720600000,0,3,145.0036809173151,-37.83486796031792
20720600000,0,4,145.00351202734325,-37.83487912030641
20720600000,0,5,145.00334248737292,-37.83487686029479
20720600000,0,6,145.00317403740385,-37.83486140028316
20720600000,0,7,145.00301453743455,-37.834834040272064
20720600000,0,8,145.00295441744709,-37.83481478026781
20720600000,0,9,145.00289681745966,-37.83479137026373
20720600000,0,10,145.00280031748204,-37.8347397002568
20720600000,0,11,145.00275136749426,-37.83470596025323
20720600000,0,12,145.00272986749988,-37.83468833025166
20720600000,0,13,145.00273311750885,-37.83460106025134
20720600000,0,14,145.00274972752172,-37.834456380251574
20720600000,0,15,145.0027512275299,-37.834378810251195
20720600000,0,16,145.00273928756008,-37.83412099024877
20720600000,0,17,145.00288930751742,-37.83427300026
20720600000,0,18,145.00303730747572,-37.83441999027105
20720600000,0,19,145.0033593174104,-37.83450598029365
20720600000,0,20,145.00368127735774,-37.83447599031553
20720600000,0,21,145.00390327732669,-37.83440698033031
20720600000,0,22,145.00407525730867,-37.834297980341425
20720610000,0,0,144.29169283664112,-36.80992306617073
20720610000,0,1,144.29124183684846,-36.80862418613296
20720610000,0,2,144.29117307697703,-36.80746976612114
20720610000,0,3,144.29117128702242,-36.80702489611821
20720610000,0,4,144.29131564699296,-36.807076986128
20720610000,0,5,144.29183799688042,-36.80732224616379
20720610000,0,6,144.2924647367517,-36.80755427620634
20720610000,0,7,144.2930393166377,-36.80772831624511
20720610000,0,8,144.29364879652366,-36.807844076285804
20720610000,0,9,144.29394506647546,-36.80782947630513
20720610000,0,10,144.29422370643613,-36.80775658632294
20720610000,0,11,144.29441558641273,-36.807669466334964
20720610000,0,12,144.2947118963881,-36.80742223635283
20720610000,0,13,144.29486884638385,-36.80720434636173
20720610000,0,14,144.29528790642252,-36.80612919638241
20720610000,0,15,144.29546248641975,-36.8058676663922
20720610000,0,16,144.29570619639657,-36.80569324640708
20720610000,0,17,144.29584587637757,-36.805649606415955
20720610000,0,18,144.29610688633363,-36.80565086643308
20720610000,0,19,144.29645535626207,-36.80577991645674
20720610000,0,20,144.2966469062255,-36.80582339646958
20720610000,0,21,144.2969078861816,-36.80582474648669
20720610000,0,22,144.2970299361642,-36.80579414649451
20720610000,0,23,144.2972214561424,-36.805692436506426
20720610000,0,24,144.29732617613664,-36.805576156512565
20720610000,0,25,144.29748352615147,-36.8051692665203
20720610000,0,26,144.2976055461531,-36.80495137652692
20720610000,0,27,144.29771033614585,-36.80484958653316
20720610000,0,28,144.29786691612844,-36.80476238654287
20720610000,0,29,144.29802386610652,-36.804718726552885
20720610000,0,30,144.29821542607428,-36.80471997656546
20720610000,0,31,144.29842420603057,-36.80480557657968
20720610000,0,32,144.29870284597794,-36.80486353659832
20720610000,0,33,144.2988421659603,-36.80480692660709
20720610000,0,34,144.29891202595462,-36.80474717661129
20720610000,0,35,144.29912153596072,-36.804340356622475
20720610000,0,36,144.29924355596089,-36.80413696662919
20720610000,0,37,144.29945269594793,-36.80391889664152
20720610000,0,38,144.29959238594807,-36.80368642664922
20720610000,0,39,144.29969717597177,-36.803279626653506
20720610000,0,40,144.2998019259792,-36.803032666658815
20720610000,0,41,144.29990668597785,-36.80287291666467
20720610000,0,42,144.29995635597413,-36.802827466667644
20720610000,0,43,144.30009747595713,-36.80276149667649
20720610000,0,44,144.30021664596754,-36.80246188668241
20720610000,0,45,144.300309865968,-36.80230321668752
20720610000,0,46,144.30050535595404,-36.80211745669916
20720610000,0,47,144.30075446592383,-36.80200306671476
20720610000,0,48,144.30098595588353,-36.80201746673005
20720610000,0,49,144.30111049584815,-36.80216048673912
20720610000,0,50,144.30125305575464,-36.802846816752805
20720610000,0,51,144.3016624055743,-36.80394788678663
20720610000,0,52,144.3019828054567,-36.804577066811625
20720610000,0,53,144.3021786254079,-36.804734386825466
20720610000,0,54,144.30235649537659,-36.804748786837216
20720610000,0,55,144.30255968500376,-36.80808847687169
20720610000,0,56,144.3026611549755,-36.80819879687905
20720610000,0,57,144.30230816485184,-36.8100017868673
20720610000,0,58,144.30242116483134,-36.8100167868748
20720610000,0,59,144.30208018470216,-36.811853786864056
20720610000,0,60,144.29685210564523,-36.811206026517084
20720610000,0,61,144.29446314607566,-36.810914776358615
20720610000,0,62,144.29211714649946,-36.810617776202946
20720610000,0,63,144.29196143652308,-36.81064251619289
20720610000,0,64,144.29169283664112,-36.80992306617073
20720620000,0,0,144.35401515835665,-36.78857579012879
20720620000,0,1,144.3539523683541,-36.788704760125476
20720620000,0,2,144.35294438799312,-36.79391397009213
20720620000,0,3,144.35285153799217,-36.79407632008705
20720620000,0,4,144.35223150776682,-36.79731358006675
20720620000,0,5,144.35212116778712,-36.79729578005937
20720620000,0,6,144.35014122834278,-36.795096889915186
20720620000,0,7,144.34694017869063,-36.79695378971636
20720620000,0,8,144.3444129193987,-36.794157799532435
20720620000,0,9,144.34309818954276,-36.794908839450734
20720620000,0,10,144.34362721972155,-36.792278099468874
20720620000,0,11,144.34366093972932,-36.79214569947025
20720620000,0,12,144.34090311022874,-36.7917811392866
20720620000,0,13,144.3385278406584,-36.79147179912847
20720620000,0,14,144.33817200072093,-36.7914433691049
20720620000,0,15,144.33780379077083,-36.79155974908142
20720620000,0,16,144.33736550088437,-36.79116569905011
20720620000,0,17,144.3365233710934,-36.79049791899054
20720620000,0,18,144.33521933138996,-36.78973101889996
20720620000,0,19,144.33404414165216,-36.78908979881866
20720620000,0,20,144.33416813164075,-36.78899679882621
20720620000,0,21,144.33464216179192,-36.786726788843005
20720620000,0,22,144.33620713176643,-36.7843958989311
20720620000,0,23,144.33643716172415,-36.78443278894645
20720620000,0,24,144.3385711713375,-36.78471777908855
20720620000,0,25,144.3428581605582,-36.7853157993742
20720620000,0,26,144.3433561304676,-36.78538579940739
20720620000,0,27,144.34300716035685,-36.787050799395
20720620000,0,28,144.34452917007215,-36.787341789496935
20720620000,0,29,144.3445714400645,-36.787347279499734
20720620000,0,30,144.35401515835665,-36.78857579012879
20720630000,0,0,145.58083521791366,-36.74752236368669
20720630000,0,1,145.57888603810312,-36.74875231355649
20720630000,0,2,145.57681243857115,-36.74762381340243
20720630000,0,3,145.57707198854456,-36.747472873419824
20720630000,0,4,145.5779050285276,-36.74636181347174
20720630000,0,5,145.57834638851767,-36.74578176349928
20720630000,0,6,145.5786322185227,-36.74530136351645
20720630000,0,7,145.57884176847597,-36.745410153531985
20720630000,0,8,145.58083521791366,-36.74752236368669
20720640000,0,0,145.64220026452642,-36.867496378807175
20720640000,0,1,145.64260290445418,-36.867541868836106
20720640000,0,2,145.64296191438436,-36.867631878862184
20720640000,0,3,145.64371490425287,-36.86768487891606
20720640000,0,4,145.64464492409093,-36.867745868982574
20720640000,0,5,145.6454659239386,-36.86788487904183
20720640000,0,6,145.64630991378894,-36.867964869102366
20720640000,0,7,145.647233913626,-36.86804388916856
20720640000,0,8,145.64775892354663,-36.86796886920542
20720640000,0,9,145.64808290351132,-36.86779886922737
20720640000,0,10,145.64895995337935,-36.867667879288916
20720640000,0,11,145.64999192320758,-36.86766387936228
20720640000,0,12,145.65082992306748,-36.8676658794219
20720640000,0,13,145.6515439429274,-36.867855869473885
20720640000,0,14,145.65206395280148,-36.86821088951313
20720640000,0,15,145.65251491271982,-36.8682688895456
20720640000,0,16,145.6531069026303,-36.86818487958718
20720640000,0,17,145.65347792256338,-36.86822988961385
20720640000,0,18,145.65410591243565,-36.86843787965985
20720640000,0,19,145.6547789323206,-36.86846287970787
20720640000,0,20,145.6553106322248,-36.868526739746116
20720640000,0,21,145.6553149021959,-36.86878286974805
20720640000,0,22,145.6554085914648,-36.87527407979611
20720640000,0,23,145.6463303831539,-36.873698779140376
20720640000,0,24,145.64105544413465,-36.87278920875955
20720640000,0,25,145.64220026452642,-36.867496378807175
20720650000,0,0,145.6765739189764,-36.86580689124243
20720650000,0,1,145.67652591899818,-36.86568188123821
20720650000,0,2,145.67637290903684,-36.86556287122655
20720650000,0,3,145.67621793907577,-36.865444881214756
20720650000,0,4,145.6761159491136,-36.8652558812063
20720650000,0,5,145.67601593915137,-36.86506487119795
20720650000,0,6,145.67589789919566,-36.864841871188126
20720650000,0,7,145.67578091923988,-36.86461787117835
20720650000,0,8,145.67561290931792,-36.86416488116351
20720650000,0,9,145.67528590942334,-36.863703881137276
20720650000,0,10,145.67509792947862,-36.86348688112251
20720650000,0,11,145.67491290953342,-36.863269871107946
20720650000,0,12,145.67486491955896,-36.863110881103516
20720650000,0,13,145.67481994958425,-36.86294988109928
20720650000,0,14,145.67444793969062,-36.86254787107023
20720650000,0,15,145.67382991984803,-36.86205588102307
20720650000,0,16,145.67294093011455,-36.860983880952915
20720650000,0,17,145.67293593062095,-36.85639988092333
20720650000,0,18,145.6632912822349,-36.85635311023636
20720650000,0,19,145.66325792274736,-36.85175388020465
20720650000,0,20,145.66592395234613,-36.85135989039192
20720650000,0,21,145.6682549125039,-36.846401890526245
20720650000,0,22,145.6726773617651,-36.84641471084121
20720650000,0,23,145.67858894075897,-36.84659987126343
20720650000,0,24,145.68611090119663,-36.83126387170153
20720650000,0,25,145.6880579107505,-36.832366881847335
20720650000,0,26,145.68858494067746,-36.83223288188404
20720650000,0,27,145.68947236042615,-36.833170591953284
20720650000,0,28,145.68933195043283,-36.83332189194424
20720650000,0,29,145.68929493898526,-36.8464978820257
20720650000,0,30,145.68927992844743,-36.85139389205586
20720650000,0,31,145.68928292683358,-36.86600889214932
20720650000,0,32,145.67996640838044,-36.86607799148583
20720650000,0,33,145.67859692864184,-36.86577988138636
20720650000,0,34,145.67797489874033,-36.86582789134236
20720650000,0,35,145.6776479287938,-36.86583788131914
20720650000,0,36,145.6773199388484,-36.86583887129578
20720650000,0,37,145.67677791894965,-36.865740881256535
20720650000,0,38,145.6765739189764,-36.86580689124243
20720660000,0,0,145.82418025732287,-36.8391502316307
20720660000,0,1,145.8255868971665,-36.83844989172727
20720660000,0,2,145.82717964692426,-36.83824258184037
20720660000,0,3,145.84366392417286,-36.83829989302559
20720660000,0,4,145.8442239034246,-36.84418389310345
20720660000,0,5,145.84284092343788,-36.84613389301646
20720660000,0,6,145.8409178836324,-36.8472638928854
20720660000,0,7,145.83955592366425,-36.84901589279866
20720660000,0,8,145.83950890336897,-36.851738892812676
20720660000,0,9,145.84159291264743,-36.855100892983984
20720660000,0,10,145.8429229024252,-36.85510689307965
20720660000,0,11,145.84285668182696,-36.860577913109836
20720660000,0,12,145.83583697299818,-36.86056637260508
20720660000,0,13,145.8358639841792,-36.849915492539004
20720660000,0,14,145.83586737428578,-36.84895282253311
20720660000,0,15,145.83474693447263,-36.84895085245257
20720660000,0,16,145.82722757572176,-36.84898316191242
20720660000,0,17,145.82722384574245,-36.84880294191101
20720660000,0,18,145.8271891759972,-36.84656431189422
20720660000,0,19,145.82546071640397,-36.845495801763214
20720660000,0,20,145.82527401650887,-36.84483238174556
20720660000,0,21,145.82558894653147,-36.84415740176387
20720660000,0,22,145.82515849665336,-36.84370585173007
20720660000,0,23,145.82533216667753,-36.8432285517395
20720660000,0,24,145.82516674680588,-36.84232220172183
20720660000,0,25,145.82571387671604,-36.84231046176105
20720660000,0,26,145.82552046684086,-36.84147755174184
20720660000,0,27,145.8250241369299,-36.84142033170583
20720660000,0,28,145.82491332699215,-36.841026831695345
20720660000,0,29,145.82456741711732,-36.84041911166661
20720660000,0,30,145.82427953721503,-36.839971481643076
20720660000,0,31,145.82426406730173,-36.839214921637144
20720660000,0,32,145.82418025732287,-36.8391502316307
20720670000,0,0,145.76730220724016,-36.56343800578523
20720670000,0,1,145.76726803725558,-36.56334943578222
20720670000,0,2,145.76467924812363,-36.559337155571114
20720670000,0,3,145.76326621855594,-36.55752433545832
20720670000,0,4,145.76496145831203,-36.55720115557757
20720670000,0,5,145.76582957815563,-36.5573225756405
20720670000,0,6,145.7659936778801,-36.55958166566676
20720670000,0,7,145.76877786718774,-36.56170344587973
20720670000,0,8,145.77023468695438,-36.56164184598363
20720670000,0,9,145.7702418470338,-36.560909295979435
20720670000,0,10,145.76970390731327,-36.559174885929764
20720670000,0,11,145.76941460753176,-36.55762203589907
20720670000,0,12,145.76820046796243,-36.555525895798674
20720670000,0,13,145.76799825808186,-36.554743045779155
20720670000,0,14,145.7702180478901,-36.5531607759279
20720670000,0,15,145.7704414278607,-36.55309332594348
20720670000,0,16,145.77044175773898,-36.554199425950614
20720670000,0,17,145.77046397728304,-36.55831073597864
20720670000,0,18,145.77233865681958,-36.55971453612188
20720670000,0,19,145.77359385633923,-36.562199786227744
20720670000,0,20,145.7764769859486,-36.5614305164293
20720670000,0,21,145.77773572554187,-36.56324068653109
20720670000,0,22,145.77780840551804,-36.563348086537
20720670000,0,23,145.7778876454953,-36.56343638654324
20720670000,0,24,145.76730220724016,-36.56343800578523
20720680000,0,0,147.1839843962524,-36.21210253900375
20720680000,0,1,147.18339174628505,-36.21263698896139
20720680000,0,2,147.18318975633036,-36.21252898894509
20720680000,0,3,147.1825837464666,-36.21220199889608
20720680000,0,4,147.18183575648064,-36.21310699884415
20720680000,0,5,147.18138975655938,-36.213048978809276
20720680000,0,6,147.1821357465353,-36.21223198886163
20720680000,0,7,147.1829097265106,-36.211381988915925
20720680000,0,8,147.18335575640413,-36.211674988952325
20720680000,0,9,147.18337528641223,-36.211579728953225
20720680000,0,10,147.1835836663678,-36.21167146896994
20720680000,0,11,147.1839843962524,-36.21210253900375
20720690000,0,0,146.51157341808326,-36.7090323111345
20720690000,0,1,146.50473222930424,-36.70823375061892
20720690000,0,2,146.4998139301941,-36.707554170247704
20720690000,0,3,146.50101478062084,-36.702121950302306
20720690000,0,4,146.5063441796465,-36.70294760070516
20720690000,0,5,146.5088032608386,-36.689060650799256
20720690000,0,6,146.5063332611757,-36.68967085061889
20720690000,0,7,146.50717207110398,-36.68909193067774
20720690000,0,8,146.50708075133136,-36.68724611065904
20720690000,0,9,146.5078800213541,-36.68590238071003
20720690000,0,10,146.5136422405169,-36.684920901133715
20720690000,0,11,146.5140618503369,-36.68588409117122
20720690000,0,12,146.51656261018474,-36.683623041343324
20720690000,0,13,146.5166424001763,-36.68358195134901
20720690000,0,14,146.5166597301745,-36.68357303135026
20720690000,0,15,146.51855878968672,-36.685090941501784
20720690000,0,16,146.52143980949853,-36.68259893170085
20720690000,0,17,146.52573888843207,-36.6857057720419
20720690000,0,18,146.52410156771845,-36.69424866197461
20720690000,0,19,146.51485352937877,-36.69307593127662
20720690000,0,20,146.51157341808326,-36.7090323111345
20720700000,0,0,146.4559953922076,-36.66587300671537
20720700000,0,1,146.47996639787317,-36.66921648852149
20720700000,0,2,146.47879350780258,-36.671515528448936
20720700000,0,3,146.47835930782256,-36.67196503841949
20720700000,0,4,146.4758177766348,-36.685960398320276
20720700000,0,5,146.4743341559417,-36.69412783826236
20720700000,0,6,146.47251992632002,-36.693439598122815
20720700000,0,7,146.46547874759054,-36.692491377592475
20720700000,0,8,146.4642798378041,-36.69235394750235
20720700000,0,9,146.46401254788663,-36.6920187974803
20720700000,0,10,146.46405743791078,-36.69174395748186
20720700000,0,11,146.46308387811172,-36.69139273740715
20720700000,0,12,146.45893455947703,-36.685458697060156
20720700000,0,13,146.4595375393782,-36.68545327710498
20720700000,0,14,146.4583739898315,-36.68317459700374
20720700000,0,15,146.4680836780783,-36.68449739773495
20720700000,0,16,146.46979114875853,-36.67611687780813
20720700000,0,17,146.4669074292784,-36.675729477590934
20720700000,0,18,146.46620319940206,-36.675663837538075
20720700000,0,19,146.4574568509631,-36.67462642688046
20720700000,0,20,146.45832906136891,-36.6698333369145
20720700000,0,21,146.45542129188925,-36.66947571669584
20720700000,0,22,146.4560055022036,-36.66589339671625
20720700000,0,23,146.4559953922076,-36.66587300671537
20720710000,0,0,146.48976527241015,-36.615616738906276
20720710000,0,1,146.4855858031635,-36.61504194859108
20720710000,0,2,146.48077984445672,-36.610655928204714
20720710000,0,3,146.48078481445842,-36.61063392820495
20720710000,0,4,146.48392253571973,-36.59512798833869
20720710000,0,5,146.48523740624827,-36.58862952839475
20720710000,0,6,146.47912464736558,-36.587643887932956
20720710000,0,7,146.48095183831794,-36.57670794799851
20720710000,0,8,146.50337582431794,-36.579475939687924
20720710000,0,9,146.5033610443101,-36.5795652196874
20720710000,0,10,146.50601087383748,-36.579892059887186
20720710000,0,11,146.50510563340595,-36.5849509198523
20720710000,0,12,146.50874454275962,-36.5853743701265
20720710000,0,13,146.50757679226263,-36.59137854007814
20720710000,0,14,146.49730693410456,-36.590030869303455
20720710000,0,15,146.49837405302756,-36.59789303943376
20720710000,0,16,146.495315092922,-36.60319735923988
20720710000,0,17,146.49609772214544,-36.60884599933467
20720710000,0,18,146.50239387064337,-36.612914109830434
20720710000,0,19,146.50258381049602,-36.613926079851126
20720710000,0,20,146.50386445028434,-36.61393558994671
20720710000,0,21,146.50930856931603,-36.61457155035696
20720710000,0,22,146.50866839903435,-36.61794197033094
20720710000,0,23,146.48983863243532,-36.61529241890964
20720710000,0,24,146.48976527241015,-36.615616738906276
20720720000,0,0,146.25350888110515,-36.88133834311606
20720720000,0,1,146.2601545099017,-36.88219517361064
20720720000,0,2,146.26983244815875,-36.88335858433069
20720720000,0,3,146.26809584738342,-36.89268323426244
20720720000,0,4,146.27007436703107,-36.892884954409446
20720720000,0,5,146.26771872602922,-36.905094624314046
20720720000,0,6,146.26994982562644,-36.90536798448013
20720720000,0,7,146.26971815552562,-36.906588904470865
20720720000,0,8,146.27347875484796,-36.90703925475074
20720720000,0,9,146.27332023477723,-36.907889234744495
20720720000,0,10,146.27398128459814,-36.908493644797055
20720720000,0,11,146.27415765452952,-36.90883726481225
20720720000,0,12,146.2741467044537,-36.9095168848158
20720720000,0,13,146.274343624321,-36.91039102483588
20720720000,0,14,146.27427252415333,-36.911962524840696
20720720000,0,15,146.2741963840467,-36.91300683484177
20720720000,0,16,146.27323584418176,-36.9132253047724
20720720000,0,17,146.2734588241665,-36.91303330478761
20720720000,0,18,146.27354580420297,-36.91258730479116
20720720000,0,19,146.27293782444167,-36.91138431473868
20720720000,0,20,146.27280784456204,-36.91052030472358
20720720000,0,21,146.27268783460713,-36.91030030471334
20720720000,0,22,146.2721538046095,-36.911058304678846
20720720000,0,23,146.27141486469225,-36.91141130462667
20720720000,0,24,146.27051491482263,-36.911582314561485
20720720000,0,25,146.26963687497593,-36.911520324496415
20720720000,0,26,146.2686309350777,-36.912096334425996
20720720000,0,27,146.26392900622875,-36.908874374059174
20720720000,0,28,146.2631100563851,-36.90869938399776
20720720000,0,29,146.26282604644567,-36.9085833739761
20720720000,0,30,146.2624360465468,-36.90826637394537
20720720000,0,31,146.2618720467438,-36.90736337389807
20720720000,0,32,146.26162406681624,-36.90709038387808
20720720000,0,33,146.26109207693455,-36.90683040383725
20720720000,0,34,146.2599300671655,-36.906502403749606
20720720000,0,35,146.2565563676996,-36.906745283502836
20720720000,0,36,146.2553398279949,-36.90593293340811
20720720000,0,37,146.25611782853537,-36.90006092342782
20720720000,0,38,146.25798001868662,-36.89601837353902
20720720000,0,39,146.25807298872488,-36.89554738354284
20720720000,0,40,146.25797099882024,-36.894860383530954
20720720000,0,41,146.25797296884934,-36.89460238352944
20720720000,0,42,146.25780295900987,-36.893443363509526
20720720000,0,43,146.25789595904652,-36.892986353513436
20720720000,0,44,146.25863592907146,-36.891688353559594
20720720000,0,45,146.2588519290615,-36.89146036357403
20720720000,0,46,146.25923090907168,-36.89081834359783
20720720000,0,47,146.25935891909438,-36.89043233360479
20720720000,0,48,146.25902585951215,-36.88725633355996
20720720000,0,49,146.25861887963393,-36.88678234352696
20720720000,0,50,146.2572788899717,-36.885776333421894
20720720000,0,51,146.2569348800472,-36.88561634339556
20720720000,0,52,146.2559858802633,-36.885106333322454
20720720000,0,53,146.25536987041926,-36.88463734327411
20720720000,0,54,146.25494888054178,-36.8841773432402
20720720000,0,55,146.25494289054325,-36.88417334323973
20720720000,0,56,146.25390188077859,-36.88362833315965
20720720000,0,57,146.25345895088833,-36.883312333125026
20720720000,0,58,146.25335292092242,-36.88316835311628
20720720000,0,59,146.25328488098916,-36.882682333108185
20720720000,0,60,146.25350888110515,-36.88133834311606
20720730000,0,0,146.33826704535278,-36.89577247945991
20720730000,0,1,146.33848539535467,-36.89543875947392
20720730000,0,2,146.3388280553337,-36.89512443949723
20720730000,0,3,146.33892886533738,-36.89494609950354
20720730000,0,4,146.338872215533,-36.893321169488964
20720730000,0,5,146.33917060551687,-36.89302861950915
20720730000,0,6,146.33992480541326,-36.89283792956368
20720730000,0,7,146.34010277541384,-36.892574419575155
20720730000,0,8,146.34003780544444,-36.89240192956925
20720730000,0,9,146.34016377551592,-36.891595419573406
20720730000,0,10,146.34037674551072,-36.89133164958745
20720730000,0,11,146.34094935554774,-36.89017703962241
20720730000,0,12,146.34084277558745,-36.889985439613305
20720730000,0,13,146.34092680561352,-36.88963593961728
20720730000,0,14,146.34109718563155,-36.88923111962729
20720730000,0,15,146.3413682356136,-36.88899462964581
20720730000,0,16,146.34166362565972,-36.888163359662336
20720730000,0,17,146.34202581562784,-36.887915939687524
20720730000,0,18,146.3423035456053,-36.88770976970675
20720730000,0,19,146.34247349561508,-36.88737739971719
20720730000,0,20,146.3425580256358,-36.887073839721495
20720730000,0,21,146.34269982562483,-36.88696392973128
20720730000,0,22,146.34321279555533,-36.886825939768336
20720730000,0,23,146.343314815606,-36.88623566977209
20720730000,0,24,146.34385687557457,-36.88572329980891
20720730000,0,25,146.3443987955027,-36.88556393984796
20720730000,0,26,146.34470382548557,-36.88527093986863
20720730000,0,27,146.34555701540924,-36.88469854992808
20720730000,0,28,146.34602515535627,-36.88448177996131
20720730000,0,29,146.34621729540407,-36.88378593997107
20720730000,0,30,146.34648611542832,-36.8831842999871
20720730000,0,31,146.34674081543335,-36.88277094000329
20720730000,0,32,146.34703234542422,-36.88242750002266
20720730000,0,33,146.34712413543707,-36.88218219002788
20720730000,0,34,146.34977042484175,-36.88353686023229
20720730000,0,35,146.35879782456837,-36.87282993083172
20720730000,0,36,146.35702680497042,-36.871890920694625
20720730000,0,37,146.35816180481424,-36.871607930776825
20720730000,0,38,146.35864382479005,-36.87111993080937
20720730000,0,39,146.36048879448109,-36.871140250946056
20720730000,0,40,146.3627875641669,-36.87054814111242
20720730000,0,41,146.363577794094,-36.87003854116766
20720730000,0,42,146.36456135398103,-36.869598531237656
20720730000,0,43,146.36522580392705,-36.86910593128369
20720730000,0,44,146.36508578408913,-36.86789594126559
20720730000,0,45,146.36675281395054,-36.866688931381276
20720730000,0,46,146.3670768239764,-36.86599394140082
20720730000,0,47,146.36854602379975,-36.865405561505845
20720730000,0,48,146.36928781372336,-36.86499693155816
20720730000,0,49,146.37408511287174,-36.865472241916514
20720730000,0,50,146.37342070253123,-36.86940184189246
20720730000,0,51,146.37176433282596,-36.8692323817687
20720730000,0,52,146.37184905230015,-36.87369241180353
20720730000,0,53,146.37124600228586,-36.87469042176526
20720730000,0,54,146.36896259269722,-36.874413321594375
20720730000,0,55,146.36786953217631,-36.88053692155266
20720730000,0,56,146.39123981798144,-36.883231923301565
20720730000,0,57,146.3919776678669,-36.883160663355824
20720730000,0,58,146.39199580786146,-36.88318193335731
20720730000,0,59,146.39228780772044,-36.88398693338411
20720730000,0,60,146.39231182769745,-36.884151933386946
20720730000,0,61,146.39231981768555,-36.88424393338813
20720730000,0,62,146.39236277765764,-36.88442493339247
20720730000,0,63,146.39241778761252,-36.884737933398554
20720730000,0,64,146.39245282756391,-36.885109933403534
20720730000,0,65,146.3924608175486,-36.88523194340492
20720730000,0,66,146.39251381748232,-36.885731943412054
20720730000,0,67,146.3925657874038,-36.88633992341979
20720730000,0,68,146.39258279738294,-36.88649693342206
20720730000,0,69,146.39261681733626,-36.88685393342687
20720730000,0,70,146.39267079726707,-36.88737794343423
20720730000,0,71,146.39265981725842,-36.887468943434
20720730000,0,72,146.39267879722712,-36.88771394343696
20720730000,0,73,146.3926878072149,-36.887806933438235
20720730000,0,74,146.3927588071719,-36.888078923445235
20720730000,0,75,146.39275880716465,-36.888141933445645
20720730000,0,76,146.39284577705223,-36.88899393345754
20720730000,0,77,146.3928318070216,-36.889280923458344
20720730000,0,78,146.39280479702035,-36.88933093345666
20720730000,0,79,146.39267579702894,-36.8894429334478
20720730000,0,80,146.39260480703476,-36.88949493344288
20720730000,0,81,146.39250680704552,-36.88954294343593
20720730000,0,82,146.39242781705696,-36.88955792343016
20720730000,0,83,146.39239982706064,-36.889565933428145
20720730000,0,84,146.39227477707826,-36.88959392341905
20720730000,0,85,146.39222079708549,-36.889608933415126
20720730000,0,86,146.39216180709212,-36.88963694341094
20720730000,0,87,146.3920067971129,-36.88967993339972
20720730000,0,88,146.39179279713701,-36.8897799233845
20720730000,0,89,146.39170581714745,-36.889814923378275
20720730000,0,90,146.39153477716522,-36.88990792336619
20720730000,0,91,146.39126978718917,-36.89008293334765
20720730000,0,92,146.39097281722098,-36.890235933326615
20720730000,0,93,146.39093679722535,-36.89024993332404
20720730000,0,94,146.3907758272472,-36.890292933312374
20720730000,0,95,146.39066979726297,-36.89030893330462
20720730000,0,96,146.3904557972955,-36.89033592328893
20720730000,0,97,146.39041980730156,-36.890334923286254
20720730000,0,98,146.39011682735475,-36.89031093326363
20720730000,0,99,146.39005280736754,-36.890291933258766
20720730000,0,100,146.38988479740044,-36.890248933246035
20720730000,0,101,146.38974579742776,-36.89021193323549
20720730000,0,102,146.3894578174945,-36.89004793321308
20720730000,0,103,146.38934079751903,-36.89000394320414
20720730000,0,104,146.38924479753982,-36.889961933196744
20720730000,0,105,146.38900382758567,-36.88991194317857
20720730000,0,106,146.38872781763249,-36.88990393315805
20720730000,0,107,146.38863878764565,-36.88991793315155
20720730000,0,108,146.38853180766012,-36.889946923143796
20720730000,0,109,146.38828178769194,-36.890031933125805
20720730000,0,110,146.3879967977245,-36.89016093310551
20720730000,0,111,146.38766679776307,-36.890302943081956
20720730000,0,112,146.3873517977986,-36.89044994305954
20720730000,0,113,146.38675078786534,-36.89073893301683
20720730000,0,114,146.38668979787087,-36.89077892301257
20720730000,0,115,146.38656978788484,-36.89083093300401
20720730000,0,116,146.38629381791145,-36.89099892298463
20720730000,0,117,146.38610579792513,-36.891151942971675
20720730000,0,118,146.38598078792705,-36.89131592296346
20720730000,0,119,146.38595979791404,-36.891459932962825
20720730000,0,120,146.38608678787233,-36.891638932973386
20720730000,0,121,146.386193807844,-36.89173093298189
20720730000,0,122,146.38644678778147,-36.8919089430018
20720730000,0,123,146.3866297977393,-36.892010933016024
20720730000,0,124,146.38684277769144,-36.89211893303249
20720730000,0,125,146.38716382762001,-36.89227592305729
20720730000,0,126,146.38734880757983,-36.89235793307154
20720730000,0,127,146.38742782756339,-36.89238692307757
20720730000,0,128,146.38776881749297,-36.89250593310362
20720730000,0,129,146.38833879737507,-36.892706943147154
20720730000,0,130,146.38849078734648,-36.892735933158605
20720730000,0,131,146.38881979728092,-36.89282993318362
20720730000,0,132,146.38920278720656,-36.892922923212595
20720730000,0,133,146.3893357971819,-36.89294494322259
20720730000,0,134,146.3895718071352,-36.89300993324051
20720730000,0,135,146.38963078712217,-36.893037943245055
20720730000,0,136,146.38978178709291,-36.89307392325649
20720730000,0,137,146.38982580708307,-36.893095943259894
20720730000,0,138,146.38989778706787,-36.89312393326539
20720730000,0,139,146.3901197770243,-36.893181923282235
20720730000,0,140,146.39017379701195,-36.893210933286426
20720730000,0,141,146.39022679700238,-36.893217933290394
20720730000,0,142,146.39027180699247,-36.89323892329387
20720730000,0,143,146.39032479698034,-36.893267933297984
20720730000,0,144,146.39040480696542,-36.89328194330401
20720730000,0,145,146.39045878695308,-36.89331093330821
20720730000,0,146,146.3905467969351,-36.8933399333149
20720730000,0,147,146.39061880692154,-36.89335394332033
20720730000,0,148,146.39064880691421,-36.893373943322686
20720730000,0,149,146.39071480690177,-36.893386923327654
20720730000,0,150,146.39088080686577,-36.89345992334044
20720730000,0,151,146.39100979683997,-36.89349792335025
20720730000,0,152,146.39114279681084,-36.89355894336049
20720730000,0,153,146.39122080679485,-36.893584933366434
20720730000,0,154,146.39143779675234,-36.89364093338289
20720730000,0,155,146.3914907967402,-36.893669943387
20720730000,0,156,146.39164277670824,-36.89372793339865
20720730000,0,157,146.39175877668652,-36.89374893340739
20720730000,0,158,146.39210577661643,-36.8938569334338
20720730000,0,159,146.39256881651806,-36.89404293346932
20720730000,0,160,146.3926168165088,-36.89405392347296
20720730000,0,161,146.39263981650288,-36.89407192347479
20720730000,0,162,146.392853806459,-36.8941439234911
20720730000,0,163,146.3929067764486,-36.89415793349512
20720730000,0,164,146.3929968164303,-36.89418694350199
20720730000,0,165,146.39304079642216,-36.8941939335053
20720730000,0,166,146.39326677637354,-36.894289933522664
20720730000,0,167,146.39333477635756,-36.894330923527974
20720730000,0,168,146.39347679632738,-36.89438794353887
20720730000,0,169,146.393725796262,-36.89459594355866
20720730000,0,170,146.39379678621654,-36.8948889435658
20720730000,0,171,146.39378678619764,-36.8950679335662
20720730000,0,172,146.39366980618408,-36.895354933559375
20720730000,0,173,146.39359979615884,-36.89567593355623
20720730000,0,174,146.39358081614887,-36.895789933555555
20720730000,0,175,146.39356377614186,-36.89587593355484
20720730000,0,176,146.39354479613579,-36.89595593355396
20720730000,0,177,146.39352781612482,-36.896075943553456
20720730000,0,178,146.39344678610786,-36.89634093354913
20720730000,0,179,146.39338379609288,-36.89656193354588
20720730000,0,180,146.3933657960867,-36.89664192354507
20720730000,0,181,146.39329378606422,-36.89694194354165
20720730000,0,182,146.3932608260443,-36.89716294354063
20720730000,0,183,146.39323877604207,-36.89721393353931
20720730000,0,184,146.39323078603363,-36.89729893353926
20720730000,0,185,146.3931678160194,-36.89751392353598
20720730000,0,186,146.39316781600456,-36.897642923536786
20720730000,0,187,146.39319778598554,-36.89776493353979
20720730000,0,188,146.3932387759715,-36.89782792354323
20720730000,0,189,146.39326677595938,-36.89789293354572
20720730000,0,190,146.3933218159425,-36.89795994355024
20720730000,0,191,146.39346978590342,-36.89808592356203
20720730000,0,192,146.39354081588263,-36.898163943567795
20720730000,0,193,146.39360279585335,-36.89832894357344
20720730000,0,194,146.39365582581823,-36.89855793357884
20720730000,0,195,146.39374481577212,-36.89882994358716
20720730000,0,196,146.3938858157142,-36.899129933599546
20720730000,0,197,146.39389478570695,-36.89917994360053
20720730000,0,198,146.3939307756927,-36.899251923603664
20720730000,0,199,146.39395479568293,-36.89930193360577
20720730000,0,200,146.3940107856572,-36.89944493361083
20720730000,0,201,146.39401980564006,-36.89958093361238
20720730000,0,202,146.39401878561722,-36.89978093361358
20720730000,0,203,146.3939998056144,-36.8998329336125
20720730000,0,204,146.39396479559335,-36.90006692361141
20720730000,0,205,146.39389281557965,-36.9002899436075
20720730000,0,206,146.3938647855671,-36.900439943606386
20720730000,0,207,146.39383781556572,-36.90049092360469
20720730000,0,208,146.39379280555113,-36.900682933602596
20720730000,0,209,146.39376776554712,-36.9007539436012
20720730000,0,210,146.3937107955418,-36.900882943597786
20720730000,0,211,146.39365980552898,-36.9010679435952
20720730000,0,212,146.39359778551966,-36.9012389335917
20720730000,0,213,146.33855317530197,-36.89580011948124
20720730000,0,214,146.33826704535278,-36.89577247945991
20720740000,0,0,146.3921546842713,-36.914183883567524
20720740000,0,1,146.3917637043743,-36.91385395353641
20720740000,0,2,146.39012678481814,-36.91236391340551
20720740000,0,3,146.3900108948251,-36.91247091339761
20720740000,0,4,146.38959976485984,-36.912763953369
20720740000,0,5,146.38942587487892,-36.91284990335666
20720740000,0,6,146.38932363488775,-36.912920933349525
20720740000,0,7,146.3892876548872,-36.91297789334724
20720740000,0,8,146.38936791484173,-36.91325688335496
20720740000,0,9,146.38939382481522,-36.91344993335812
20720740000,0,10,146.3893938248103,-36.91349296335839
20720740000,0,11,146.38934488479865,-36.91366496335587
20720740000,0,12,146.3893286747968,-36.91370492335492
20720740000,0,13,146.38929268479734,-36.913751893352554
20720740000,0,14,146.38917891480665,-36.91383595334466
20720740000,0,15,146.3890896348199,-36.913849903338125
20720740000,0,16,146.3890367148287,-36.9138499033342
20720740000,0,17,146.3888127848726,-36.91379194331723
20720740000,0,18,146.38874296488495,-36.913785913312026
20720740000,0,19,146.38862670491014,-36.91373496330308
20720740000,0,20,146.388456764945,-36.91367791329011
20720740000,0,21,146.38837861496077,-36.91365397328417
20720740000,0,22,146.38829762497622,-36.91363697327805
20720740000,0,23,146.38825875498347,-36.913629943275126
20720740000,0,24,146.38831492496413,-36.91371696327983
20720740000,0,25,146.3884999749093,-36.91392596329491
20720740000,0,26,146.38867492485363,-36.914156893309354
20720740000,0,27,146.3887638348241,-36.91428497331677
20720740000,0,28,146.38885490478916,-36.91445694332461
20720740000,0,29,146.38894564475993,-36.914579893332125
20720740000,0,30,146.38920661468754,-36.91483188335309
20720740000,0,31,146.38924877467326,-36.9148948933566
20720740000,0,32,146.3892836746526,-36.91502395336004
20720740000,0,33,146.38928367464112,-36.91512394336066
20720740000,0,34,146.3892656746382,-36.91517497335965
20720740000,0,35,146.38926567463096,-36.91523798336007
20720740000,0,36,146.3892476846257,-36.91530998335919
20720740000,0,37,146.38918289462373,-36.915420943355095
20720740000,0,38,146.38912781462486,-36.91549096335145
20720740000,0,39,146.38900466463394,-36.91558996334296
20720740000,0,40,146.38889885464442,-36.915651973335514
20720740000,0,41,146.3888016546566,-36.91568690332853
20720740000,0,42,146.38869364467368,-36.91569491332057
20720740000,0,43,146.38859571469075,-36.915687973313275
20720740000,0,44,146.3884877147131,-36.91564990330502
20720740000,0,45,146.38835598473815,-36.91562291329508
20720740000,0,46,146.38831996474417,-36.91562291329241
20720740000,0,47,146.388034854793,-36.9156109432712
20720740000,0,48,146.3878238948343,-36.9155569332552
20720740000,0,49,146.38773494485235,-36.91552894324843
20720740000,0,50,146.38761365488014,-36.91546297323904
20720740000,0,51,146.38750097490853,-36.915378913230136
20720740000,0,52,146.387197844992,-36.915091903205834
20720740000,0,53,146.3871449150008,-36.915091903201905
20720740000,0,54,146.38710892500345,-36.91512096319943
20720740000,0,55,146.387068965,-36.91520889319703
20720740000,0,56,146.38692963500617,-36.91535695318763
20720740000,0,57,146.38667979502313,-36.915570983170504
20720740000,0,58,146.38664884502094,-36.91563497316861
20720740000,0,59,146.3866618050073,-36.91573494317021
20720740000,0,60,146.3867687149796,-36.915820893178676
20720740000,0,61,146.38682273496886,-36.915835933182784
20720740000,0,62,146.38687565495684,-36.91586392318689
20720740000,0,63,146.38693792494394,-36.91588598319164
20720740000,0,64,146.3871067349052,-36.91597894320475
20720740000,0,65,146.38716075489282,-36.916007933208945
20720740000,0,66,146.3871956848854,-36.91602197321162
20720740000,0,67,146.38754094480254,-36.91624291323863
20720740000,0,68,146.3877126347573,-36.91638790325228
20720740000,0,69,146.3878519547179,-36.91652892326351
20720740000,0,70,146.38787283470842,-36.916580953265395
20720740000,0,71,146.3879758046735,-36.916735943274006
20720740000,0,72,146.38806796463479,-36.91693898328216
20720740000,0,73,146.38808774462157,-36.91702493328416
20720740000,0,74,146.38810289459377,-36.9172449732867
20720740000,0,75,146.38812373458433,-36.91729690328857
20720740000,0,76,146.3881467645468,-36.91758994329216
20720740000,0,77,146.388153634464,-36.91829995329721
20720740000,0,78,146.3881366944596,-36.91836296329636
20720740000,0,79,146.38813563444756,-36.918468963296945
20720740000,0,80,146.38815363443467,-36.918554913298834
20720740000,0,81,146.3881957544178,-36.91864096330251
20720740000,0,82,146.38823393439742,-36.91876291330612
20720740000,0,83,146.38825086437322,-36.91894895330857
20720740000,0,84,146.3882576542849,-36.91970693331392
20720740000,0,85,146.38826670426857,-36.91983589331542
20720740000,0,86,146.3883498142276,-36.920071953323095
20720740000,0,87,146.38836496421357,-36.92017194332485
20720740000,0,88,146.388315654202,-36.920343943322294
20720740000,0,89,146.38829762420065,-36.92038192332121
20720740000,0,90,146.388257654199,-36.9204539233187
20720740000,0,91,146.3881496541985,-36.920614933311725
20720740000,0,92,146.38812662419483,-36.92067992331043
20720740000,0,93,146.388095664196,-36.92071492330837
20720740000,0,94,146.38805895419128,-36.92080897330624
20720740000,0,95,146.38804164417942,-36.920936963305785
20720740000,0,96,146.38804164416462,-36.9210659233066
20720740000,0,97,146.38799489414686,-36.921287963304565
20720740000,0,98,146.3879246641446,-36.921408913300134
20720740000,0,99,146.38786276414675,-36.92147991329599
20720740000,0,100,146.38779793415088,-36.92153797329155
20720740000,0,101,146.38766190416456,-36.92161591328197
20720740000,0,102,146.38759492417412,-36.92162995327709
20720740000,0,103,146.38750564418405,-36.92167298327076
20720740000,0,104,146.38743363418945,-36.92172994326579
20720740000,0,105,146.38741669418897,-36.9217589132647
20720740000,0,106,146.38738862418901,-36.92179896326289
20720740000,0,107,146.38734471419116,-36.92184397325991
20720740000,0,108,146.38721693418185,-36.92210991325213
20720740000,0,109,146.38716579417232,-36.92226698324936
20720740000,0,110,146.38714776416543,-36.922352933248554
20720740000,0,111,146.3871477641483,-36.92250196324951
20720740000,0,112,146.38718667413193,-36.92258791325296
20720740000,0,113,146.3872097441174,-36.92268097325526
20720740000,0,114,146.38721762409725,-36.9228449532569
20720740000,0,115,146.3871589340962,-36.92293892325315
20720740000,0,116,146.38708878410074,-36.92300093324834
20720740000,0,117,146.3869947941096,-36.92305996324176
20720740000,0,118,146.38666468414985,-36.9231879432181
20720740000,0,119,146.38658081415772,-36.92324095321222
20720740000,0,120,146.38652175416212,-36.92328794320815
20720740000,0,121,146.3864857641616,-36.92334490320585
20720740000,0,122,146.38645083416418,-36.92337289320344
20720740000,0,123,146.3864018841629,-36.92345497320033
20720740000,0,124,146.38637885416296,-36.92348790319883
20720740000,0,125,146.38620496417442,-36.92363992318692
20720740000,0,126,146.3860937141842,-36.92371597317915
20720740000,0,127,146.38603969418662,-36.92377293317552
20720740000,0,128,146.38595873417955,-36.92395196317066
20720740000,0,129,146.38593892417376,-36.92403097316969
20720740000,0,130,146.38589391417034,-36.92412591316697
20720740000,0,131,146.38577185417444,-36.92426696315883
20720740000,0,132,146.38571572417388,-36.92435291315521
20720740000,0,133,146.38568188416966,-36.924438933153255
20720740000,0,134,146.38566385416277,-36.924524883152465
20720740000,0,135,146.38564480413154,-36.92482395315297
20720740000,0,136,146.38564695411222,-36.92498894315419
20720740000,0,137,146.38556486410104,-36.92520493314947
20720740000,0,138,146.38554293410044,-36.92524193314809
20720740000,0,139,146.38548387410327,-36.92530294314411
20720740000,0,140,146.3854129541052,-36.925388893139406
20720740000,0,141,146.38530495411004,-36.92550292313213
20720740000,0,142,146.38529272410761,-36.92554188313146
20720740000,0,143,146.38526965410938,-36.925559883129864
20720740000,0,144,146.3852336641071,-36.92563189312766
20720740000,0,145,146.38519767409574,-36.92578290312595
20720740000,0,146,146.38519767409008,-36.92583196312628
20720740000,0,147,146.38520596405306,-36.92614191312887
20720740000,0,148,146.38525779398543,-36.92665492313599
20720740000,0,149,146.3852667739552,-36.92690495313827
20720740000,0,150,146.3852566939281,-36.927154953139116
20720740000,0,151,146.38524085391768,-36.927268903138675
20720740000,0,152,146.38520092391016,-36.9273919431365
20720740000,0,153,146.38515376390734,-36.927484903133596
20720740000,0,154,146.38495071391065,-36.92774995312025
20720740000,0,155,146.38473869392976,-36.92789088310543
20720740000,0,156,146.38459575394413,-36.92797297309536
20720740000,0,157,146.38453381395237,-36.92799097309088
20720740000,0,158,146.38440891396502,-36.92806190308207
20720740000,0,159,146.38424765397866,-36.92817691307085
20720740000,0,160,146.38417564397835,-36.9282839230662
20720740000,0,161,146.38405683398466,-36.92840093305814
20720740000,0,162,146.3838638540023,-36.92852691304465
20720740000,0,163,146.3837119840137,-36.928647983034175
20720740000,0,164,146.38369395401313,-36.928678933033034
20720740000,0,165,146.38364175401102,-36.92877289302975
20720740000,0,166,146.38363672400808,-36.92880591302959
20720740000,0,167,146.38372994398276,-36.92889098303706
20720740000,0,168,146.3817697842653,-36.92927293289422
20720740000,0,169,146.3760608152142,-36.92928993247133
20720740000,0,170,146.33793982200194,-36.92547492962571
20720740000,0,171,146.33777382210675,-36.92480193960914
20720740000,0,172,146.33730979221937,-36.924493929572854
20720740000,0,173,146.3366298024455,-36.9235099395163
20720740000,0,174,146.3359928026111,-36.92299093946588
20720740000,0,175,146.33522980275765,-36.9228209194084
20720740000,0,176,146.3349511328277,-36.92261512938649
20720740000,0,177,146.33469150297915,-36.92167112936126
20720740000,0,178,146.3345625830223,-36.921482499350525
20720740000,0,179,146.33350080319036,-36.92155892927253
20720740000,0,180,146.33307981326826,-36.921490939240975
20720740000,0,181,146.33240653349242,-36.92051374918497
20720740000,0,182,146.33207683360442,-36.92001592915742
20720740000,0,183,146.33199058365284,-36.919718899149146
20720740000,0,184,146.3319968939477,-36.9171371991331
20720740000,0,185,146.3322878339354,-36.91682192915259
20720740000,0,186,146.3321723140229,-36.91622668914025
20720740000,0,187,146.33219282403584,-36.91608392914085
20720740000,0,188,146.33320081404668,-36.91452492920537
20720740000,0,189,146.33333480407103,-36.91411792921267
20720740000,0,190,146.33358756417667,-36.912829279223104
20720740000,0,191,146.3336757843294,-36.9113689192203
20720740000,0,192,146.33382456455834,-36.90915541921714
20720740000,0,193,146.33344780460928,-36.90925792918995
20720740000,0,194,146.33318581466665,-36.909137929169816
20720740000,0,195,146.3324178152103,-36.90550993908984
20720740000,0,196,146.33266181526946,-36.90463893910231
20720740000,0,197,146.33450481509703,-36.90346692923102
20720740000,0,198,146.33621582508275,-36.901106939342405
20720740000,0,199,146.33639583515765,-36.90019192934985
20720740000,0,200,146.33580380531942,-36.89963991930256
20720740000,0,201,146.33603080562165,-36.89667292930035
20720740000,0,202,146.33613230562682,-36.89648087930662
20720740000,0,203,146.3377848053273,-36.89669492943015
20720740000,0,204,146.33830482524877,-36.896624919468145
20720740000,0,205,146.33809779530228,-36.89645891945178
20720740000,0,206,146.33804779532818,-36.896305299447114
20720740000,0,207,146.33813181535297,-36.895966929451156
20720740000,0,208,146.33826704535278,-36.89577247945991
20720740000,0,209,146.33855317530197,-36.89580011948124
20720740000,0,210,146.39359778551966,-36.9012389335917
20720740000,0,211,146.3935528255205,-36.90129693358873
20720740000,0,212,146.39351679551496,-36.90139692358669
20720740000,0,213,146.39341780550427,-36.90163293358086
20720740000,0,214,146.39337079550384,-36.90170493357783
20720740000,0,215,146.39334677549968,-36.901775933576516
20720740000,0,216,146.3931997554942,-36.90203597356729
20720740000,0,217,146.39319077549428,-36.90204894356669
20720740000,0,218,146.3931408054953,-36.9021119335634
20720740000,0,219,146.39297878549397,-36.902357923552955
20720740000,0,220,146.39290881549778,-36.90242593354819
20720740000,0,221,146.39289680549473,-36.902469923547585
20720740000,0,222,146.39279979549855,-36.902576933541084
20720740000,0,223,146.39278380549644,-36.902618923540174
20720740000,0,224,146.39273080549773,-36.90268393353664
20720740000,0,225,146.3927078054957,-36.90273494353528
20720740000,0,226,146.39265681549662,-36.90280092353191
20720740000,0,227,146.39258579548647,-36.90299194352787
20720740000,0,228,146.39256881547539,-36.90311293352739
20720740000,0,229,146.3925867754626,-36.90319793352926
20720740000,0,230,146.39282479540165,-36.90338393354809
20720740000,0,231,146.39290677538628,-36.903398943554265
20720740000,0,232,146.39307580535893,-36.903391933566766
20720740000,0,233,146.39315679534627,-36.90338493357273
20720740000,0,234,146.3932457853331,-36.903370933579225
20720740000,0,235,146.3933528053169,-36.90335692358709
20720740000,0,236,146.39338879531263,-36.90334194358966
20720740000,0,237,146.39356680528462,-36.90332794360276
20720740000,0,238,146.3936457852701,-36.9033399236087
20720740000,0,239,146.39392278520228,-36.90352894363045
20720740000,0,240,146.39398180518867,-36.903561923635024
20720740000,0,241,146.39424880512516,-36.90372792365589
20720740000,0,242,146.39446878506772,-36.90390893367337
20720740000,0,243,146.3945767950317,-36.90406594368239
20720740000,0,244,146.39458080502695,-36.90410194368291
20720740000,0,245,146.39459880501897,-36.90414493368451
20720740000,0,246,146.39481980490402,-36.90482494370526
20720740000,0,247,146.394935804851,-36.905117943715744
20720740000,0,248,146.39504180481524,-36.90527593372462
20720740000,0,249,146.39518878477867,-36.90538094373619
20720740000,0,250,146.39525580476482,-36.90540493374131
20720740000,0,251,146.39537479473725,-36.90547194375057
20720740000,0,252,146.3954987847049,-36.905573933760415
20720740000,0,253,146.39559477467623,-36.905684933768235
20720740000,0,254,146.39563379465577,-36.90580594377192
20720740000,0,255,146.3956648246308,-36.90597793377531
20720740000,0,256,146.39565379462277,-36.906063943775045
20720740000,0,257,146.3956158046214,-36.90613093377266
20720740000,0,258,146.39545480463357,-36.90625793376152
20720740000,0,259,146.39513779466435,-36.906448923739234
20720740000,0,260,146.3949767946823,-36.9065259437278
20720740000,0,261,146.3948978046926,-36.906550933722094
20720740000,0,262,146.39471877471408,-36.90662293370928
20720740000,0,263,146.39464782472126,-36.90666293370427
20720740000,0,264,146.39454080473584,-36.90669094369652
20720740000,0,265,146.394389804758,-36.90671693368547
20720740000,0,266,146.39425179477502,-36.906768933675586
20720740000,0,267,146.39414780478975,-36.90679093366802
20720740000,0,268,146.39381781483,-36.90691893364436
20720740000,0,269,146.3936848048439,-36.90698994363494
20720740000,0,270,146.39355877484672,-36.90714793362661
20720740000,0,271,146.39352380484013,-36.90725593362471
20720740000,0,272,146.39352278482812,-36.907361933625324
20720740000,0,273,146.39354081481187,-36.907476933627386
20720740000,0,274,146.39355877480236,-36.90753393362909
20720740000,0,275,146.39360081478716,-36.907604933632655
20720740000,0,276,146.3936827947488,-36.907819943640106
20720740000,0,277,146.39378977471125,-36.90799193364913
20720740000,0,278,146.39392278467187,-36.90814193365997
20720740000,0,279,146.39394880466497,-36.90816393366203
20720740000,0,280,146.3939668046588,-36.90819194366356
20720740000,0,281,146.39409181462813,-36.908277923673374
20720740000,0,282,146.39433180457317,-36.90840792369202
20720740000,0,283,146.39441181455666,-36.908435933698115
20720740000,0,284,146.39454580452448,-36.908521943708614
20720740000,0,285,146.39475078447876,-36.90862293372445
20720740000,0,286,146.39479477447063,-36.90862992372775
20720740000,0,287,146.39487477445317,-36.90866592373392
20720740000,0,288,146.3949108044456,-36.90867993373668
20720740000,0,289,146.39494679443624,-36.90870894373954
20720740000,0,290,146.3949998244258,-36.90872292374356
20720740000,0,291,146.39515079439244,-36.908794923755224
20720740000,0,292,146.39528178436163,-36.908872923765436
20720740000,0,293,146.3953728243382,-36.90894492377265
20720740000,0,294,146.39569380426582,-36.909109923797494
20720740000,0,295,146.3957297942327,-36.909345933801674
20720740000,0,296,146.39572979422857,-36.90938193380191
20720740000,0,297,146.39572880422608,-36.90940493380199
20720740000,0,298,146.39572880421883,-36.90946794380239
20720740000,0,299,146.39569281420182,-36.909667923801
20720740000,0,300,146.3956798242003,-36.90969993380024
20720740000,0,301,146.3955677641749,-36.91008293379438
20720740000,0,302,146.39556776416674,-36.91015394379484
20720740000,0,303,146.3955498041648,-36.910196933793785
20720740000,0,304,146.39554980416145,-36.91022594379397
20720740000,0,305,146.395513784151,-36.910368923792205
20720740000,0,306,146.39548677414976,-36.910418933790524
20720740000,0,307,146.39546881414282,-36.91050494378974
20720740000,0,308,146.39543279413408,-36.91063294378789
20720740000,0,309,146.3953158040787,-36.91128393378339
20720740000,0,310,146.39529781407515,-36.911340933782405
20720740000,0,311,146.39526277406705,-36.91146192378059
20720740000,0,312,146.3952257940608,-36.911569933778544
20720740000,0,313,146.39507381404584,-36.911919933769504
20720740000,0,314,146.39498376402952,-36.91219193376457
20720740000,0,315,146.39494880402384,-36.9122919337626
20720740000,0,316,146.39488481400804,-36.91252194375934
20720740000,0,317,146.39486481400414,-36.91258493375825
20720740000,0,318,146.39483181400138,-36.91265693375627
20720740000,0,319,146.3948137839994,-36.91269992375521
20720740000,0,320,146.3947867740015,-36.91272092375334
20720740000,0,321,146.39476980399934,-36.91276393375235
20720740000,0,322,146.39470680399916,-36.91285693374829
20720740000,0,323,146.39445681401946,-36.91304193373092
20720740000,0,324,146.39435177403132,-36.91309092372346
20720740000,0,325,146.39422478404663,-36.91314193371436
20720740000,0,326,146.39395778408115,-36.913227933695104
20720740000,0,327,146.39390380408852,-36.9132419436912
20720740000,0,328,146.3937257941149,-36.913269933678166
20720740000,0,329,146.3935647941417,-36.91326993366624
20720740000,0,330,146.3930487942375,-36.91318394362741
20720740000,0,331,146.3927448242537,-36.91348294360681
20720740000,0,332,146.3921546842713,-36.914183883567524
20720750000,0,0,146.38284268067468,-36.78473295204768
20720750000,0,1,146.38277183068962,-36.78470471204226
20720750000,0,2,146.38171081096328,-36.78384992195815
20720750000,0,3,146.38186882098532,-36.78342894196714
20720750000,0,4,146.38235179108216,-36.781884931993034
20720750000,0,5,146.37994713151974,-36.78154181181263
20720750000,0,6,146.38135819212897,-36.77418067186994
20720750000,0,7,146.383147491864,-36.77390728200077
20720750000,0,8,146.38335123194076,-36.772942342009685
20720750000,0,9,146.38548696172225,-36.771762612160394
20720750000,0,10,146.3875638813688,-36.77184659231487
20720750000,0,11,146.38874403119235,-36.77168118240131
20720750000,0,12,146.38995175094053,-36.77213432249374
20720750000,0,13,146.3903631408581,-36.77225919252505
20720750000,0,14,146.39404340023162,-36.77240939279887
20720750000,0,15,146.39608020986728,-36.77264656295143
20720750000,0,16,146.39643914980311,-36.77268752297831
20720750000,0,17,146.39578163943045,-36.77688943295654
20720750000,0,18,146.39109113027217,-36.77632177260509
20720750000,0,19,146.39061108035204,-36.77631852256948
20720750000,0,20,146.39104054021365,-36.77690572260509
20720750000,0,21,146.39112183009254,-36.77784527261716
20720750000,0,22,146.39043752007714,-36.77896872257364
20720750000,0,23,146.3909226799884,-36.779042122610065
20720750000,0,24,146.39536531919455,-36.77954930294274
20720750000,0,25,146.39513901906636,-36.780995282935244
20720750000,0,26,146.39475506912623,-36.78102752290698
20720750000,0,27,146.39297868916893,-36.783222272789345
20720750000,0,28,146.39205768932058,-36.7832295427211
20720750000,0,29,146.39183116935845,-36.7832267327043
20720750000,0,30,146.39173243931913,-36.78371243270008
20720750000,0,31,146.39034083952347,-36.78394044259838
20720750000,0,32,146.38969193957067,-36.784467012553634
20720750000,0,33,146.38857441973778,-36.784623702471805
20720750000,0,34,146.3880544397414,-36.78534357243789
20720750000,0,35,146.3861842200213,-36.78560467230093
20720750000,0,36,146.38490365023924,-36.785554032205695
20720750000,0,37,146.38284268067468,-36.78473295204768
20720761000,0,0,146.37507581306102,-36.775125671410564
20720761000,0,1,146.37407680326794,-36.77476293133424
20720761000,0,2,146.37273283365406,-36.77333393122551
20720761000,0,3,146.37132784405227,-36.77188693111218
20720761000,0,4,146.37061080431346,-36.770641941051075
20720761000,0,5,146.36984280454163,-36.76975893098853
20720761000,0,6,146.369661804707,-36.76857593096753
20720761000,0,7,146.36876382498247,-36.767466930893924
20720761000,0,8,146.36878280512806,-36.76616694088698
20720761000,0,9,146.36860483523188,-36.76551694086963
20720761000,0,10,146.36827732535724,-36.76489491084139
20720761000,0,11,146.36924311520028,-36.76486974091274
20720761000,0,12,146.37499434426428,-36.76472986133779
20720761000,0,13,146.37469621496706,-36.75901898127904
20720761000,0,14,146.37449316580845,-36.75195799121864
20720761000,0,15,146.37287281603042,-36.752360921101214
20720761000,0,16,146.36769649710357,-36.75046554070571
20720761000,0,17,146.36758440712353,-36.750453170697334
20720761000,0,18,146.3675718471995,-36.74980692069226
20720761000,0,19,146.36646980761483,-36.74776893059756
20720761000,0,20,146.36647381767867,-36.747204940594244
20720761000,0,21,146.3651298180786,-36.745650940484744
20720761000,0,22,146.3646892682787,-36.74453788044498
20720761000,0,23,146.36386228861852,-36.74276164037235
20720761000,0,24,146.36530771852472,-36.7414904904712
20720761000,0,25,146.36717224826032,-36.74110602060677
20720761000,0,26,146.3682738181719,-36.74028594068307
20720761000,0,27,146.36918080794783,-36.74093394075439
20720761000,0,28,146.37038359766618,-36.741657490848105
20720761000,0,29,146.3687328478805,-36.742170940729174
20720761000,0,30,146.36811380793512,-36.74258893068601
20720761000,0,31,146.369798827563,-36.74340592081604
20720761000,0,32,146.3748667766715,-36.743872111194364
20720761000,0,33,146.37795482624404,-36.74314393141845
20720761000,0,34,146.37899780614566,-36.74249593149157
20720761000,0,35,146.3789418561248,-36.742759441489106
20720761000,0,36,146.37757328562572,-36.749100891428455
20720761000,0,37,146.38025063514107,-36.74946601162915
20720761000,0,38,146.379019344773,-36.754463151570036
20720761000,0,39,146.38528884356504,-36.75595409204419
20720761000,0,40,146.38258626266224,-36.76774728191965
20720761000,0,41,146.38453153207635,-36.7700517520786
20720761000,0,42,146.3831730021372,-36.77148452198712
20720761000,0,43,146.3838152919477,-36.77221052203938
20720761000,0,44,146.38284720205297,-36.77269129197072
20720761000,0,45,146.3826841219778,-36.77358324196436
20720761000,0,46,146.38145703217197,-36.77366208187394
20720761000,0,47,146.38154083220792,-36.77322693187736
20720761000,0,48,146.3815808422256,-36.77301493187895
20720761000,0,49,146.3795268024823,-36.77374293173144
20720761000,0,50,146.37830781259083,-36.77455793164636
20720761000,0,51,146.37708480297135,-36.77300293154576
20720761000,0,52,146.37563681316018,-36.773447931441346
20720761000,0,53,146.37519480303635,-36.775168931419664
20720761000,0,54,146.37507581306102,-36.775125671410564
20720762000,0,0,146.36853439817665,-36.73986736069968
20720762000,0,1,146.36818621819268,-36.740230840676226
20720762000,0,2,146.3682738181719,-36.74028594068307
20720762000,0,3,146.36717224826032,-36.74110602060677
20720762000,0,4,146.36530771852472,-36.7414904904712
20720762000,0,5,146.36386228861852,-36.74276164037235
20720762000,0,6,146.3646892682787,-36.74453788044498
20720762000,0,7,146.3552787999868,-36.743211929739985
20720762000,0,8,146.35674183054277,-36.73622692980336
20720762000,0,9,146.35895683020846,-36.73594692996549
20720762000,0,10,146.36091173988478,-36.7359506701102
20720762000,0,11,146.36446131908968,-36.73777212038464
20720762000,0,12,146.36853439817665,-36.73986736069968
20720770000,0,0,146.49604078941545,-36.89316593115797
20720770000,0,1,146.5039196379995,-36.89408631175153
20720770000,0,2,146.50016576638507,-36.913440931595446
20720770000,0,3,146.5000427563944,-36.91353695158689
20720770000,0,4,146.49934078661218,-36.91266393152894
20720770000,0,5,146.49911952665192,-36.91263827151228
20720770000,0,6,146.49507477738095,-36.91215195120753
20720770000,0,7,146.4608994735414,-36.90803243863514
20720770000,0,8,146.46135897374205,-36.90563139865397
20720770000,0,9,146.43386979872616,-36.90205893658661
20720770000,0,10,146.43381479872025,-36.902189926583354
20720770000,0,11,146.4346837883716,-36.90396093665926
20720770000,0,12,146.39386120577058,-36.898675023594805
20720770000,0,13,146.39365582581823,-36.89855793357884
20720770000,0,14,146.39360279585335,-36.89832894357344
20720770000,0,15,146.39354081588263,-36.898163943567795
20720770000,0,16,146.39346978590342,-36.89808592356203
20720770000,0,17,146.3933218159425,-36.89795994355024
20720770000,0,18,146.39326677595938,-36.89789293354572
20720770000,0,19,146.3932387759715,-36.89782792354323
20720770000,0,20,146.39319778598554,-36.89776493353979
20720770000,0,21,146.39316781600456,-36.897642923536786
20720770000,0,22,146.3931678160194,-36.89751392353598
20720770000,0,23,146.39323078603363,-36.89729893353926
20720770000,0,24,146.39323877604207,-36.89721393353931
20720770000,0,25,146.3932608260443,-36.89716294354063
20720770000,0,26,146.39329378606422,-36.89694194354165
20720770000,0,27,146.3933657960867,-36.89664192354507
20720770000,0,28,146.39338379609288,-36.89656193354588
20720770000,0,29,146.39344678610786,-36.89634093354913
20720770000,0,30,146.39352781612482,-36.896075943553456
20720770000,0,31,146.39354479613579,-36.89595593355396
20720770000,0,32,146.39356377614186,-36.89587593355484
20720770000,0,33,146.39358081614887,-36.895789933555555
20720770000,0,34,146.39359979615884,-36.89567593355623
20720770000,0,35,146.39366980618408,-36.895354933559375
20720770000,0,36,146.39378678619764,-36.8950679335662
20720770000,0,37,146.39379678621654,-36.8948889435658
20720770000,0,38,146.393725796262,-36.89459594355866
20720770000,0,39,146.39347679632738,-36.89438794353887
20720770000,0,40,146.39333477635756,-36.894330923527974
20720770000,0,41,146.39326677637354,-36.894289933522664
20720770000,0,42,146.39304079642216,-36.8941939335053
20720770000,0,43,146.3929968164303,-36.89418694350199
20720770000,0,44,146.3929067764486,-36.89415793349512
20720770000,0,45,146.392853806459,-36.8941439234911
20720770000,0,46,146.39263981650288,-36.89407192347479
20720770000,0,47,146.3926168165088,-36.89405392347296
20720770000,0,48,146.39256881651806,-36.89404293346932
20720770000,0,49,146.39210577661643,-36.8938569334338
20720770000,0,50,146.39175877668652,-36.89374893340739
20720770000,0,51,146.39164277670824,-36.89372793339865
20720770000,0,52,146.3914907967402,-36.893669943387
20720770000,0,53,146.39143779675234,-36.89364093338289
20720770000,0,54,146.39122080679485,-36.893584933366434
20720770000,0,55,146.39114279681084,-36.89355894336049
20720770000,0,56,146.39100979683997,-36.89349792335025
20720770000,0,57,146.39088080686577,-36.89345992334044
20720770000,0,58,146.39071480690177,-36.893386923327654
20720770000,0,59,146.39064880691421,-36.893373943322686
20720770000,0,60,146.39061880692154,-36.89335394332033
20720770000,0,61,146.3905467969351,-36.8933399333149
20720770000,0,62,146.39045878695308,-36.89331093330821
20720770000,0,63,146.39040480696542,-36.89328194330401
20720770000,0,64,146.39032479698034,-36.893267933297984
20720770000,0,65,146.39027180699247,-36.89323892329387
20720770000,0,66,146.39022679700238,-36.893217933290394
20720770000,0,67,146.39017379701195,-36.893210933286426
20720770000,0,68,146.3901197770243,-36.893181923282235
20720770000,0,69,146.38989778706787,-36.89312393326539
20720770000,0,70,146.38982580708307,-36.893095943259894
20720770000,0,71,146.38978178709291,-36.89307392325649
20720770000,0,72,146.38963078712217,-36.893037943245055
20720770000,0,73,146.3895718071352,-36.89300993324051
20720770000,0,74,146.3893357971819,-36.89294494322259
20720770000,0,75,146.38920278720656,-36.892922923212595
20720770000,0,76,146.38881979728092,-36.89282993318362
20720770000,0,77,146.38849078734648,-36.892735933158605
20720770000,0,78,146.38833879737507,-36.892706943147154
20720770000,0,79,146.38776881749297,-36.89250593310362
20720770000,0,80,146.38742782756339,-36.89238692307757
20720770000,0,81,146.38734880757983,-36.89235793307154
20720770000,0,82,146.38716382762001,-36.89227592305729
20720770000,0,83,146.38684277769144,-36.89211893303249
20720770000,0,84,146.3866297977393,-36.892010933016024
20720770000,0,85,146.38644678778147,-36.8919089430018
20720770000,0,86,146.386193807844,-36.89173093298189
20720770000,0,87,146.38608678787233,-36.891638932973386
20720770000,0,88,146.38595979791404,-36.891459932962825
20720770000,0,89,146.38598078792705,-36.89131592296346
20720770000,0,90,146.38610579792513,-36.891151942971675
20720770000,0,91,146.38629381791145,-36.89099892298463
20720770000,0,92,146.38656978788484,-36.89083093300401
20720770000,0,93,146.38668979787087,-36.89077892301257
20720770000,0,94,146.38675078786534,-36.89073893301683
20720770000,0,95,146.3873517977986,-36.89044994305954
20720770000,0,96,146.38766679776307,-36.890302943081956
20720770000,0,97,146.3879967977245,-36.89016093310551
20720770000,0,98,146.38828178769194,-36.890031933125805
20720770000,0,99,146.38853180766012,-36.889946923143796
20720770000,0,100,146.38863878764565,-36.88991793315155
20720770000,0,101,146.38872781763249,-36.88990393315805
20720770000,0,102,146.38900382758567,-36.88991194317857
20720770000,0,103,146.38924479753982,-36.889961933196744
20720770000,0,104,146.38934079751903,-36.89000394320414
20720770000,0,105,146.3894578174945,-36.89004793321308
20720770000,0,106,146.38974579742776,-36.89021193323549
20720770000,0,107,146.38988479740044,-36.890248933246035
20720770000,0,108,146.39005280736754,-36.890291933258766
20720770000,0,109,146.39011682735475,-36.89031093326363
20720770000,0,110,146.39041980730156,-36.890334923286254
20720770000,0,111,146.3904557972955,-36.89033592328893
20720770000,0,112,146.39066979726297,-36.89030893330462
20720770000,0,113,146.3907758272472,-36.890292933312374
20720770000,0,114,146.39093679722535,-36.89024993332404
20720770000,0,115,146.39097281722098,-36.890235933326615
20720770000,0,116,146.39126978718917,-36.89008293334765
20720770000,0,117,146.39153477716522,-36.88990792336619
20720770000,0,118,146.39170581714745,-36.889814923378275
20720770000,0,119,146.39179279713701,-36.8897799233845
20720770000,0,120,146.3920067971129,-36.88967993339972
20720770000,0,121,146.39216180709212,-36.88963694341094
20720770000,0,122,146.39222079708549,-36.889608933415126
20720770000,0,123,146.39227477707826,-36.88959392341905
20720770000,0,124,146.39239982706064,-36.889565933428145
20720770000,0,125,146.39242781705696,-36.88955792343016
20720770000,0,126,146.39250680704552,-36.88954294343593
20720770000,0,127,146.39260480703476,-36.88949493344288
20720770000,0,128,146.39267579702894,-36.8894429334478
20720770000,0,129,146.39280479702035,-36.88933093345666
20720770000,0,130,146.3928318070216,-36.889280923458344
20720770000,0,131,146.39284577705223,-36.88899393345754
20720770000,0,132,146.39275880716465,-36.888141933445645
20720770000,0,133,146.3927588071719,-36.888078923445235
20720770000,0,134,146.3926878072149,-36.887806933438235
20720770000,0,135,146.39267879722712,-36.88771394343696
20720770000,0,136,146.39265981725842,-36.887468943434
20720770000,0,137,146.39267079726707,-36.88737794343423
20720770000,0,138,146.39261681733626,-36.88685393342687
20720770000,0,139,146.39258279738294,-36.88649693342206
20720770000,0,140,146.3925657874038,-36.88633992341979
20720770000,0,141,146.39251381748232,-36.885731943412054
20720770000,0,142,146.3924608175486,-36.88523194340492
20720770000,0,143,146.39245282756391,-36.885109933403534
20720770000,0,144,146.39241778761252,-36.884737933398554
20720770000,0,145,146.39236277765764,-36.88442493339247
20720770000,0,146,146.39231981768555,-36.88424393338813
20720770000,0,147,146.39231182769745,-36.884151933386946
20720770000,0,148,146.39228780772044,-36.88398693338411
20720770000,0,149,146.39199580786146,-36.88318193335731
20720770000,0,150,146.3919776678669,-36.883160663355824
20720770000,0,151,146.39191276788642,-36.88308494335053
20720770000,0,152,146.39189477789262,-36.88305695334901
20720770000,0,153,146.39169493795492,-36.882803943332554
20720770000,0,154,146.39164274797093,-36.882739973328306
20720770000,0,155,146.39149480801586,-36.8825629233162
20720770000,0,156,146.3914238880393,-36.88246195331028
20720770000,0,157,146.39134398806485,-36.882354953303675
20720770000,0,158,146.39125573809676,-36.88220491329617
20720770000,0,159,146.39114882813348,-36.882039953287176
20720770000,0,160,146.39101563819264,-36.88171792327526
20720770000,0,161,146.39093569823956,-36.88142497326746
20720770000,0,162,146.3908748882884,-36.881087923260786
20720770000,0,163,146.39086587829726,-36.881023933259705
20720770000,0,164,146.39084787831334,-36.88090989325765
20720770000,0,165,146.3907859383557,-36.880630903251266
20720770000,0,166,146.39077765836453,-36.88056592325024
20720770000,0,167,146.3907596983758,-36.880493923248444
20720770000,0,168,146.3907247683947,-36.88037989324512
20720770000,0,169,146.39066286842223,-36.88022995323958
20720770000,0,170,146.39061566844362,-36.88011195323533
20720770000,0,171,146.3905919084548,-36.88004896323314
20720770000,0,172,146.39037878854515,-36.87957097321429
20720770000,0,173,146.3903078685783,-36.87938494320783
20720770000,0,174,146.3901037586607,-36.87896294319
20720770000,0,175,146.38981971876788,-36.87844094316561
20720770000,0,176,146.38976572878929,-36.87833294316091
20720770000,0,177,146.38965987882492,-36.87817596315206
20720770000,0,178,146.3896069588404,-36.878117933147756
20720770000,0,179,146.38955296885666,-36.87805394314336
20720770000,0,180,146.38948781887785,-36.87796394313795
20720770000,0,181,146.38945690888636,-36.877934653135476
20720770000,0,182,146.38944898889045,-36.877910603134715
20720770000,0,183,146.38932874893484,-36.87769796312444
20720770000,0,184,146.3891772089724,-36.87759018311253
20720770000,0,185,146.38831879914795,-36.87730408304705
20720770000,0,186,146.38742176932266,-36.877081522979125
20720770000,0,187,146.38586880959784,-36.87693293286306
20720770000,0,188,146.38574781049078,-36.869331932805416
20720770000,0,189,146.3822660811239,-36.868856752544325
20720770000,0,190,146.38263480149666,-36.86507593254743
20720770000,0,191,146.38266769156928,-36.86439546254551
20720770000,0,192,146.3880693606033,-36.86499246294971
20720770000,0,193,146.38935927041013,-36.86480840304415
20720770000,0,194,146.390030650759,-36.86079884306825
20720770000,0,195,146.38968101090782,-36.86000861303726
20720770000,0,196,146.3857746016116,-36.85953031274462
20720770000,0,197,146.3825082221878,-36.859237502500655
20720770000,0,198,146.38242879222588,-36.85902093249338
20720770000,0,199,146.3839904120572,-36.85823037260405
20720770000,0,200,146.38527864188893,-36.85783212269697
20720770000,0,201,146.38608770183717,-36.85711201275233
20720770000,0,202,146.3881918218257,-36.85416792288944
20720770000,0,203,146.38781583196973,-36.85345693285702
20720770000,0,204,146.3881350620313,-36.85245884287427
20720770000,0,205,146.38936850195375,-36.851349842958605
20720770000,0,206,146.39383629115562,-36.85184005329301
20720770000,0,207,146.39463520153816,-36.84735273332349
20720770000,0,208,146.399991460585,-36.847909133724336
20720770000,0,209,146.40141880127734,-36.839816933778344
20720770000,0,210,146.39630686218683,-36.83928539339577
20720770000,0,211,146.39607282241568,-36.83762994336779
20720770000,0,212,146.3972580923212,-36.83673944344997
20720770000,0,213,146.39721378239344,-36.83617395344308
20720770000,0,214,146.3973026923894,-36.83608090344908
20720770000,0,215,146.3973566723903,-36.835994953452534
20720770000,0,216,146.39739266239422,-36.835908903454644
20720770000,0,217,146.39740493240652,-36.83578390345476
20720770000,0,218,146.39739266242384,-36.835650983452986
20720770000,0,219,146.39737470243173,-36.835607953451394
20720770000,0,220,146.39734985244135,-36.835559883449235
20720770000,0,221,146.3972947724589,-36.83548690344468
20720770000,0,222,146.39703664252895,-36.83524993342401
20720770000,0,223,146.39700441261692,-36.834529893417
20720770000,0,224,146.41041998956817,-36.84169093445826
20720770000,0,225,146.42022158930277,-36.82984638511
20720770000,0,226,146.42327896861073,-36.831454515347374
20720770000,0,227,146.42599778675225,-36.8436961356278
20720770000,0,228,146.4218949669415,-36.847972625350494
20720770000,0,229,146.42163884681756,-36.849420145340744
20720770000,0,230,146.42549981612467,-36.84987196563042
20720770000,0,231,146.42774653564,-36.85084281580353
20720770000,0,232,146.43311049505252,-36.848209636185224
20720770000,0,233,146.43398828495532,-36.847788226247744
20720770000,0,234,146.43460648495125,-36.8469314362882
20720770000,0,235,146.43479982505502,-36.845750926295
20720770000,0,236,146.43356412539387,-36.844588316195704
20720770000,0,237,146.43467981527317,-36.84402792627503
20720770000,0,238,146.43391780598745,-36.83891793618564
20720770000,0,239,146.4422629457424,-36.82901382674246
20720770000,0,240,146.4480072845967,-36.83069083718037
20720770000,0,241,146.45073879383918,-36.8333359274005
20720770000,0,242,146.45484840308032,-36.83400595771052
20720770000,0,243,146.45772080263333,-36.833749937922605
20720770000,0,244,146.45931180216706,-36.83550693805227
20720770000,0,245,146.45922413198772,-36.83719051805654
20720770000,0,246,146.45923559193136,-36.83766330806042
20720770000,0,247,146.45951635181055,-36.83830737808546
20720770000,0,248,146.45939710170194,-36.839422158083735
20720770000,0,249,146.45926764162036,-36.840316698079825
20720770000,0,250,146.45924979158235,-36.84067243808077
20720770000,0,251,146.45971706135026,-36.84201420812416
20720770000,0,252,146.460396430999,-36.844084838188
20720770000,0,253,146.4470628428861,-36.84691183721414
20720770000,0,254,146.44830179224704,-36.85067594733041
20720770000,0,255,146.45003036176942,-36.85233207746959
20720770000,0,256,146.44963536167808,-36.85369427744895
20720770000,0,257,146.4499937914131,-36.855477937487045
20720770000,0,258,146.45127078100967,-36.857139937592684
20720770000,0,259,146.4601137796311,-36.856362938245674
20720770000,0,260,146.45971099942827,-36.85870290823069
20720770000,0,261,146.46368595843026,-36.861634978545354
20720770000,0,262,146.46443500803457,-36.8639883586162
20720770000,0,263,146.4658347876134,-36.86562494873088
20720770000,0,264,146.46674523725645,-36.8674092888101
20720770000,0,265,146.46665778718625,-36.8681439388083
20720770000,0,266,146.464749937214,-36.87065098868233
20720770000,0,267,146.46281758764363,-36.869708508532455
20720770000,0,268,146.46098842795308,-36.86965958839598
20720770000,0,269,146.45989181822344,-36.86889472830946
20720770000,0,270,146.45712278871798,-36.86859387810147
20720770000,0,271,146.45633876881885,-36.86884893804476
20720770000,0,272,146.45449678918322,-36.86834194790447
20720770000,0,273,146.44943661949142,-36.872961207557644
20720770000,0,274,146.4521107885856,-36.87696593778221
20720770000,0,275,146.45230164854274,-36.87706271779703
20720770000,0,276,146.4545403382638,-36.87625568795841
20720770000,0,277,146.45689516782673,-36.87665347813618
20720770000,0,278,146.4591178375323,-36.876004278297415
20720770000,0,279,146.46019140741842,-36.875445098373746
20720770000,0,280,146.4606347773721,-36.87520794840521
20720770000,0,281,146.46157800724052,-36.87498993847402
20720770000,0,282,146.45972880726777,-36.877417938351954
20720770000,0,283,146.46658880573975,-36.88078393888416
20720770000,0,284,146.46274162579002,-36.885889748630454
20720770000,0,285,146.46983259420108,-36.889446619181165
20720770000,0,286,146.47301389413184,-36.885465699392576
20720770000,0,287,146.47583476331712,-36.88846193962188
20720770000,0,288,146.47986979250427,-36.889693939930375
20720770000,0,289,146.48145758224518,-36.88965208004841
20720770000,0,290,146.48654196110888,-36.89217359044346
20720770000,0,291,146.486889221068,-36.8920279404684
20720770000,0,292,146.49604078941545,-36.89316593115797
20720780000,0,0,147.07371254536264,-38.115663982651945
20720780000,0,1,147.07356756541853,-38.11541499263924
20720780000,0,2,147.07335995547172,-38.11527546262239
20720780000,0,3,147.0730885355283,-38.11519799260101
20720780000,0,4,147.07288004556912,-38.11516032258473
20720780000,0,5,147.07273956559402,-38.1151559925739
20720780000,0,6,147.07249070563546,-38.115170142554845
20720780000,0,7,147.07223651566488,-38.11528899253601
20720780000,0,8,147.07172007571677,-38.11559437249817
20720780000,0,9,147.07162145573244,-38.11560606249066
20720780000,0,10,147.0714911857572,-38.11558847248053
20720780000,0,11,147.07126689580193,-38.11554109246297
20720780000,0,12,147.07124663595076,-38.11436229245407
20720780000,0,13,147.07087853601305,-38.114375002425824
20720780000,0,14,147.0708457260842,-38.11384421241999
20720780000,0,15,147.07067198611358,-38.11385002240665
20720780000,0,16,147.07063825616146,-38.11350894240193
20720780000,0,17,147.07004151625682,-38.11357500235643
20720780000,0,18,147.06906981641836,-38.11363131228201
20720780000,0,19,147.06914000644073,-38.11335113228568
20720780000,0,20,147.06913153646303,-38.113181952283966
20720780000,0,21,147.06906952661475,-38.11203798227206
20720780000,0,22,147.06899655663398,-38.111985002266124
20720780000,0,23,147.06860100670076,-38.11199939223578
20720780000,0,24,147.06846654672415,-38.11199898222542
20720780000,0,25,147.06843913680166,-38.11140854221965
20720780000,0,26,147.06919416667108,-38.11140608227772
20720780000,0,27,147.0720190861926,-38.11131410249451
20720780000,0,28,147.0719276561614,-38.11169595248986
20720780000,0,29,147.07177862618462,-38.11171703247851
20720780000,0,30,147.0697266365341,-38.11176796232094
20720780000,0,31,147.0696466965442,-38.11179902231499
20720780000,0,32,147.06957362654907,-38.11186201230976
20720780000,0,33,147.06958154653105,-38.11199701231119
20720780000,0,34,147.06972265644964,-38.11245899232494
20720780000,0,35,147.06995559637983,-38.112698022344354
20720780000,0,36,147.0700923963462,-38.11277804235538
20720780000,0,37,147.07053339625708,-38.11288099238995
20720780000,0,38,147.07161160605875,-38.11297297247351
20720780000,0,39,147.07182038600666,-38.11310203249037
20720780000,0,40,147.0719244059674,-38.11327402249945
20720780000,0,41,147.07204646585777,-38.11399195251331
20720780000,0,42,147.07233842577062,-38.114287952537616
20720780000,0,43,147.07329852559573,-38.11435600261192
20720780000,0,44,147.0741895253966,-38.114717992682756
20720780000,0,45,147.07371254536264,-38.115663982651945
20720790000,0,0,147.0720190861926,-38.11131410249451
20720790000,0,1,147.075972625523,-38.11118521279798
20720790000,0,2,147.0770162653463,-38.1111510928781
20720790000,0,3,147.0770229853212,-38.11134488287982
20720790000,0,4,147.07433139578316,-38.1113830326729
20720790000,0,5,147.0741456158154,-38.1113830326586
20720790000,0,6,147.07398935584138,-38.11139204264663
20720790000,0,7,147.07362147589998,-38.11143398261857
20720790000,0,8,147.0725936660601,-38.111581032540386
20720790000,0,9,147.0719276561614,-38.11169595248986
20720790000,0,10,147.0720190861926,-38.11131410249451
20720800000,0,0,146.90312517419017,-36.10329080673131
20720800000,0,1,146.90358149416028,-36.10291457676362
20720800000,0,2,146.90496210406087,-36.10185435686189
20720800000,0,3,146.90508846405157,-36.101758786870896
20720800000,0,4,146.90663249390835,-36.1008502369826
20720800000,0,5,146.90747848381508,-36.100480417044665
20720800000,0,6,146.90830937371842,-36.1001604771059
20720800000,0,7,146.9086707936763,-36.10002269713254
20720800000,0,8,146.90888992364862,-36.099957337148815
20720800000,0,9,146.90889552363774,-36.100043237149805
20720800000,0,10,146.9089133035719,-36.10058746715472
20720800000,0,11,146.90894870351812,-36.101002787160134
20720800000,0,12,146.90901936346867,-36.10133217716767
20720800000,0,13,146.90912534342013,-36.10160428717752
20720800000,0,14,146.9092489633588,-36.101962327189284
20720800000,0,15,146.90933727331807,-36.10219146719753
20720800000,0,16,146.90946088326666,-36.10246357720873
20720800000,0,17,146.9095668232248,-36.102678397218206
20720800000,0,18,146.90976103317533,-36.10283592723404
20720800000,0,19,146.90995522312252,-36.10302209725007
20720800000,0,20,146.91033285303172,-36.103281897280546
20720800000,0,21,146.91067709294978,-36.10351131730829
20720800000,0,22,146.91094195289472,-36.10361888732918
20720800000,0,23,146.91130397282237,-36.103740817357576
20720800000,0,24,146.9116395027551,-36.1038555673839
20720800000,0,25,146.91190433269506,-36.104006127405086
20720800000,0,26,146.91219556261836,-36.10426419742897
20720800000,0,27,146.91235436256957,-36.10446489744239
20720800000,0,28,146.9124072225428,-36.10462256744744
20720800000,0,29,146.91238922250176,-36.10500236744857
20720800000,0,30,146.91235361247263,-36.105303337447815
20720800000,0,31,146.9122826624467,-36.10562580744451
20720800000,0,32,146.91218519242176,-36.105976927439386
20720800000,0,33,146.91202597241835,-36.10622769742889
20720800000,0,34,146.91184899243768,-36.10630652741592
20720800000,0,35,146.91156655247653,-36.10636373739475
20720800000,0,36,146.9112309025297,-36.10637080736922
20720800000,0,37,146.9108511025908,-36.10637069734027
20720800000,0,38,146.9104183426646,-36.10633473730704
20720800000,0,39,146.9099414127463,-36.10629160727041
20720800000,0,40,146.9095351028117,-36.10629148723943
20720800000,0,41,146.9091641128681,-36.10632004721134
20720800000,0,42,146.90885496291696,-36.10632712718784
20720800000,0,43,146.90872254294575,-36.10626259717731
20720800000,0,44,146.908616532962,-36.10626972716928
20720800000,0,45,146.90854578296262,-36.10636286716449
20720800000,0,46,146.90843969296554,-36.10648465715721
20720800000,0,47,146.90820997299508,-36.106549087140124
20720800000,0,48,146.90792731303807,-36.106570497118724
20720800000,0,49,146.90757396309078,-36.106606217092015
20720800000,0,50,146.9070440131769,-36.106598887051575
20720800000,0,51,146.9065052232636,-36.10659870701051
20720800000,0,52,146.90623933329067,-36.10673441699115
20720800000,0,53,146.90614562331234,-36.10667729698363
20720800000,0,54,146.90613774331416,-36.106672496982995
20720800000,0,55,146.90612985331597,-36.10666768698236
20720800000,0,56,146.90580080338162,-36.10655796695658
20720800000,0,57,146.9057428033995,-36.10648396695166
20720800000,0,58,146.90561680343646,-36.10633995694111
20720800000,0,59,146.90551679346345,-36.10624596693289
20720800000,0,60,146.90542883348974,-36.106140976925495
20720800000,0,61,146.90532882351647,-36.10604897691728
20720800000,0,62,146.90522081354172,-36.1059809669086
20720800000,0,63,146.90513781355804,-36.105954976902105
20720800000,0,64,146.9050187935828,-36.10590696689272
20720800000,0,65,146.90461181366052,-36.105800966861004
20720800000,0,66,146.904487823685,-36.10576196685132
20720800000,0,67,146.90438383370474,-36.10573597684322
20720800000,0,68,146.90427079372765,-36.105694956834334
20720800000,0,69,146.90349480388815,-36.10538696677319
20720800000,0,70,146.90322981393575,-36.10534395675272
20720800000,0,71,146.90262895402756,-36.1053859667072
20720800000,0,72,146.90189679415855,-36.105271976650684
20720800000,0,73,146.90148110424,-36.10514606661818
20720800000,0,74,146.90312517419017,-36.10329080673131
20720810000,0,0,146.87297266596534,-36.12990875460976
20720810000,0,1,146.8739896257868,-36.13003646468795
20720810000,0,2,146.87430608573067,-36.13008115471232
20720810000,0,3,146.8743811657057,-36.13019230471877
20720810000,0,4,146.8742134156314,-36.13106926471173
20720810000,0,5,146.87396707564267,-36.1313147046946
20720810000,0,6,146.8739130556111,-36.131662754692755
20720810000,0,7,146.87257065584936,-36.13147235458939
20720810000,0,8,146.8724603158499,-36.13162157458198
20720810000,0,9,146.87235807585847,-36.131689564574636
20720810000,0,10,146.8720390659182,-36.131617654549906
20720810000,0,11,146.87264088590499,-36.130893434590945
20720810000,0,12,146.8729571959358,-36.130185904610386
20720810000,0,13,146.87300766595646,-36.1299369646126
20720810000,0,14,146.87297266596534,-36.12990875460976
20720820000,0,0,141.31690008691464,-37.68263266479509
20720820000,0,1,141.3166915669608,-37.6825206047833
20720820000,0,2,141.31386197617755,-37.697710474724396
20720820000,0,3,141.31408757613556,-37.69773761473656
20720820000,0,4,141.312420585674,-37.706687624701864
20720820000,0,5,141.3073766144866,-37.73129162458191
20720820000,0,6,141.3064686042356,-37.736162614562964
20720820000,0,7,141.30801857370034,-37.73926562466421
20720820000,0,8,141.3091335733919,-37.740589614731576
20720820000,0,9,141.31373659213628,-37.74584361500844
20720820000,0,10,141.3122685918243,-37.75260262497104
20720820000,0,11,141.31350361149177,-37.75395904504501
20720820000,0,12,141.31434855120557,-37.75558130509981
20720820000,0,13,141.3145185609037,-37.758798575128274
20720820000,0,14,141.31427577084912,-37.75995143512229
20720820000,0,15,141.31373553076895,-37.76202857510605
20720820000,0,16,141.3124283508433,-37.76387861504759
20720820000,0,17,141.31053550102584,-37.7656725749576
20720820000,0,18,141.3102481009111,-37.767630324954105
20720820000,0,19,141.30898173042144,-37.77607055493758
20720820000,0,20,141.30880642044596,-37.776146614928706
20720820000,0,21,141.28592662465857,-37.77410963369923
20720820000,0,22,141.27486832672,-37.77282295310397
20720820000,0,23,141.2467766519645,-37.7694556415935
20720820000,0,24,141.2466606919864,-37.76943864158725
20720820000,0,25,141.24618561246734,-37.76471660153361
20720820000,0,26,141.2464515924984,-37.76378861154211
20720820000,0,27,141.24727557252174,-37.761780621573656
20720820000,0,28,141.24750658264077,-37.75987961157444
20720820000,0,29,141.24643859298064,-37.758079621507
20720820000,0,30,141.2463455930844,-37.7570406014958
20720820000,0,31,141.24883157296318,-37.753262611604754
20720820000,0,32,141.24964559303584,-37.75068961163237
20720820000,0,33,141.25025459302267,-37.74956760165788
20720820000,0,34,141.25521060233692,-37.747322611907066
20720820000,0,35,141.2596866017672,-37.744706622128646
20720820000,0,36,141.26336459138432,-37.74154461230467
20720820000,0,37,141.26443959173596,-37.73511061232289
20720820000,0,38,141.26144958263086,-37.73074061213788
20720820000,0,39,141.257600583648,-37.726714611909436
20720820000,0,40,141.25795960377644,-37.724433611914705
20720820000,0,41,141.25690862416621,-37.72200060184428
20720820000,0,42,141.25669761454427,-37.717944611808605
20720820000,0,43,141.25329461527605,-37.71637361161869
20720820000,0,44,141.2524406156401,-37.71383161155808
20720820000,0,45,141.25216062609638,-37.708986611513986
20720820000,0,46,141.25232060638174,-37.70525261149991
20720820000,0,47,141.2546625964449,-37.699587611589855
20720820000,0,48,141.25645459626122,-37.69801661167538
20720820000,0,49,141.26121627579417,-37.693593371901194
20720820000,0,50,141.2615405457663,-37.693245591916295
20720820000,0,51,141.2619012357914,-37.69219079192904
20720820000,0,52,141.26176009607997,-37.689051201902586
20720820000,0,53,141.26157372664375,-37.68272966185451
20720820000,0,54,141.26235671675224,-37.67979665187833
20720820000,0,55,141.26142754697506,-37.67909059182477
20720820000,0,56,141.26268467751575,-37.67001653183661
20720820000,0,57,141.26089474768114,-37.67179764175243
20720820000,0,58,141.25834956826316,-37.670198611607766
20720820000,0,59,141.25766373845858,-37.66930778156601
20720820000,0,60,141.2575086085224,-37.668872991555155
20720820000,0,61,141.25740925859608,-37.668203031545836
20720820000,0,62,141.25763891863318,-37.66727955155245
20720820000,0,63,141.25848961861465,-37.665717221588096
20720820000,0,64,141.2591746885531,-37.66501515162019
20720820000,0,65,141.25993100850872,-37.66395826165391
20720820000,0,66,141.26038064844715,-37.6637492316765
20720820000,0,67,141.26109203833624,-37.663579901713206
20720820000,0,68,141.2624701681362,-37.66307520178325
20720820000,0,69,141.26333065801933,-37.662664521826414
20720820000,0,70,141.26393297793769,-37.66237533185662
20720820000,0,71,141.26447861785684,-37.662195231884496
20720820000,0,72,141.2650616677564,-37.66216968191526
20720820000,0,73,141.26568249763207,-37.662350221949296
20720820000,0,74,141.26624783749727,-37.66277165198186
20720820000,0,75,141.2662741574474,-37.663310131986485
20720820000,0,76,141.26565854752084,-37.66372546195636
20720820000,0,77,141.26491956762504,-37.664032461918985
20720820000,0,78,141.2646149376304,-37.6646068119063
20720820000,0,79,141.2649432575314,-37.66509808192669
20720820000,0,80,141.26598799734174,-37.665167851982545
20720820000,0,81,141.26686582719395,-37.66508937202866
20720820000,0,82,141.26766987707543,-37.66481642206967
20720820000,0,83,141.26804046704746,-37.66437355208665
20720820000,0,84,141.2686587370169,-37.66344254211385
20720820000,0,85,141.26915152696893,-37.66298190213722
20720820000,0,86,141.27116793668048,-37.662193452239485
20720820000,0,87,141.27231684650872,-37.6618329622983
20720820000,0,88,141.27295343643692,-37.661354482329195
20720820000,0,89,141.27332650638448,-37.66119806234806
20720820000,0,90,141.27395309627258,-37.66121810238144
20720820000,0,91,141.27456808613627,-37.66155332241613
20720820000,0,92,141.27485924605583,-37.661901492433685
20720820000,0,93,141.27492830600326,-37.662382472440264
20720820000,0,94,141.27487439597755,-37.66280097243993
20720820000,0,95,141.27471646593307,-37.66366117243675
20720820000,0,96,141.2753425857577,-37.66443750247469
20720820000,0,97,141.27572236564052,-37.665037382498475
20720820000,0,98,141.27601388555613,-37.66543138251635
20720820000,0,99,141.2764999253692,-37.66663810254946
20720820000,0,100,141.27702395515686,-37.66806811258593
20720820000,0,101,141.2773139850188,-37.6691038326076
20720820000,0,102,141.27700366494417,-37.67064083260041
20720820000,0,103,141.27666829483786,-37.672607662594494
20720820000,0,104,141.27672476477062,-37.67328922260161
20720820000,0,105,141.277006174648,-37.674158852621815
20720820000,0,106,141.2776765044571,-37.67502664266266
20720820000,0,107,141.27821166434197,-37.6752762626926
20720820000,0,108,141.27904776418794,-37.6753583527375
20720820000,0,109,141.28055408391242,-37.67548311281828
20720820000,0,110,141.2812311237926,-37.67549142285428
20720820000,0,111,141.28210416362387,-37.67567070290175
20720820000,0,112,141.28311156345475,-37.67557432295471
20720820000,0,113,141.28404589330805,-37.67536368300307
20720820000,0,114,141.28575566304744,-37.674885803091044
20720820000,0,115,141.28787314273978,-37.674113803198914
20720820000,0,116,141.2893100325194,-37.67372885327297
20720820000,0,117,141.2902783423851,-37.673300263321856
20720820000,0,118,141.29083584232632,-37.67283352334867
20720820000,0,119,141.29095041237852,-37.67197353334957
20720820000,0,120,141.29106535242656,-37.67116212335077
20720820000,0,121,141.2927507021133,-37.67136148344159
20720820000,0,122,141.29261759212264,-37.67152861343551
20720820000,0,123,141.29432659180625,-37.671715613527525
20720820000,0,124,141.293008611383,-37.67949861350449
20720820000,0,125,141.29635661076625,-37.67982662368454
20720820000,0,126,141.29750859113713,-37.67301460370463
20720820000,0,127,141.30262859019214,-37.67353961398021
20720820000,0,128,141.3025766101617,-37.67400961398028
20720820000,0,129,141.30672658938585,-37.674552624204445
20720820000,0,130,141.30681557938905,-37.674329624207836
20720820000,0,131,141.30740157958243,-37.670810604217756
20720820000,0,132,141.30776260951177,-37.67089561423749
20720820000,0,133,141.30811661944148,-37.67099061425691
20720820000,0,134,141.30855060934744,-37.67120060428128
20720820000,0,135,141.3092126092376,-37.671122614316054
20720820000,0,136,141.30963760916157,-37.67113761433878
20720820000,0,137,141.31027858904804,-37.67114660437296
20720820000,0,138,141.31081057895665,-37.67112061440113
20720820000,0,139,141.31119860889865,-37.670998604421044
20720820000,0,140,141.3115275788569,-37.670807614437415
20720820000,0,141,141.31460657828228,-37.671199604603785
20720820000,0,142,141.31451856824557,-37.67181861460282
20720820000,0,143,141.3145536081911,-37.672391614608166
20720820000,0,144,141.31471555812695,-37.672814624619356
20720820000,0,145,141.31492860804946,-37.673289604633574
20720820000,0,146,141.3151856079671,-37.673729614649915
20720820000,0,147,141.3154035879081,-37.67397460466301
20720820000,0,148,141.31573058782368,-37.67429362468236
20720820000,0,149,141.31609956773966,-37.67452061470339
20720820000,0,150,141.3164245976801,-37.674548604720876
20720820000,0,151,141.31692059760036,-37.67445962474676
20720820000,0,152,141.31734355753775,-37.674319614768436
20720820000,0,153,141.31755858751154,-37.67418162477907
20720820000,0,154,141.3177075775081,-37.673911614785375
20720820000,0,155,141.3177615975315,-37.67352161478589
20720820000,0,156,141.3177656075545,-37.673240624784405
20720820000,0,157,141.31774958757663,-37.67301161478216
20720820000,0,158,141.317762577583,-37.67290862478224
20720820000,0,159,141.31787058756746,-37.67286762478774
20720820000,0,160,141.3180435975303,-37.67294761479745
20720820000,0,161,141.3182475974766,-37.673158614809594
20720820000,0,162,141.31842257742468,-37.673409614820436
20720820000,0,163,141.3185755873867,-37.67354061482938
20720820000,0,164,141.31800858722525,-37.676637614817885
20720820000,0,165,141.31753558709104,-37.679215624808286
20720820000,0,166,141.31736257704273,-37.680149614804705
20720820000,0,167,141.31732859703368,-37.68032762480398
20720820000,0,168,141.31690008691464,-37.68263266479509
20720830000,0,0,141.1827525042917,-37.63751133741315
20720830000,0,1,141.16752262710443,-37.635883596600955
20720830000,0,2,141.15112263013324,-37.634128615727434
20720830000,0,3,141.15253664057184,-37.625863615751825
20720830000,0,4,141.15813461235754,-37.592548605844776
20720830000,0,5,141.16024062193057,-37.59323860595974
20720830000,0,6,141.20067159499345,-37.591341618079056
20720830000,0,7,141.20966063361976,-37.58890160853895
20720830000,0,8,141.22649059068587,-37.58867861942722
20720830000,0,9,141.22952458007993,-37.58956059959305
20720830000,0,10,141.2324385993972,-37.591613599759675
20720830000,0,11,141.2342526090244,-37.59226561985963
20720830000,0,12,141.23727663846628,-37.59259560002169
20720830000,0,13,141.2842476009524,-37.58394361246046
20720830000,0,14,141.29091285973362,-37.58453954281832
20720830000,0,15,141.28481458769053,-37.621615612718756
20720830000,0,16,141.28504059764893,-37.62163860273091
20720830000,0,17,141.30040559481614,-37.6232416135576
20720830000,0,18,141.29402061571065,-37.625938613234304
20720830000,0,19,141.28394059728052,-37.62832461271292
20720830000,0,20,141.2527835812205,-37.646612601170034
20720830000,0,21,141.2524826012581,-37.6467956111552
20720830000,0,22,141.24454560225058,-37.651602610763696
20720830000,0,23,141.23722206360208,-37.65084017037126
20720830000,0,24,141.214458697803,-37.648468229152854
20720830000,0,25,141.2026656599793,-37.647238508522484
20720830000,0,26,141.1827525042917,-37.63751133741315
20720840000,0,0,143.23209747334658,-36.72109874846949
20720840000,0,1,143.23486235321965,-36.7175177186161
20720840000,0,2,143.2360703531107,-36.71652071868374
20720840000,0,3,143.23612733314076,-36.716100708684586
20720840000,0,4,143.24930332080908,-36.717331719498965
20720840000,0,5,143.24933336082097,-36.71715271949968
20720840000,0,6,143.2502723513168,-36.71023470951365
20720840000,0,7,143.25049935128894,-36.71012570952686
20720840000,0,8,143.2612353496446,-36.70843072017402
20720840000,0,9,143.26120935983167,-36.706498710160275
20720840000,0,10,143.27118334807045,-36.707397720777486
20720840000,0,11,143.26151832841882,-36.72088972026978
20720840000,0,12,143.2623473181666,-36.7220827203281
20720840000,0,13,143.25976435835616,-36.72467073018607
20720840000,0,14,143.2589103285084,-36.72457972013314
20720840000,0,15,143.25255834895822,-36.731120719785096
20720840000,0,16,143.25014835938734,-36.73087072963588
20720840000,0,17,143.24982135927016,-36.732691719627326
20720840000,0,18,143.2485953294888,-36.7325607195514
20720840000,0,19,143.2481193293132,-36.73526570953927
20720840000,0,20,143.2535053383492,-36.735876709873025
20720840000,0,21,143.25767633774248,-36.73487172012228
20720840000,0,22,143.25856533805728,-36.72996273014588
20720840000,0,23,143.26350535717924,-36.73046073045181
20720840000,0,24,143.26416435733375,-36.727655720474566
20720840000,0,25,143.2655993168058,-36.7306847305816
20720840000,0,26,143.26571933661896,-36.73244572060004
20720840000,0,27,143.26722835616405,-36.734569730705935
20720840000,0,28,143.26798835596085,-36.73536573075754
20720840000,0,29,143.2689293656771,-36.7366907108236
20720840000,0,30,143.26965333543467,-36.737964720876
20720840000,0,31,143.26928333539325,-36.73905971086019
20720840000,0,32,143.2666203358634,-36.73882672069542
20720840000,0,33,143.2661443357095,-36.74129871068179
20720840000,0,34,143.26493034592636,-36.74116572060652
20720840000,0,35,143.26484234587085,-36.7419087106058
20720840000,0,36,143.26577532570525,-36.74199971066356
20720840000,0,37,143.26575236569215,-36.742178720663276
20720840000,0,38,143.2648883353058,-36.747795730645635
20720840000,0,39,143.2636293455317,-36.747647730567515
20720840000,0,40,143.2594573562806,-36.74715472030867
20720840000,0,41,143.25923634614313,-36.74900073030675
20720840000,0,42,143.2584903263232,-36.748424730257405
20720840000,0,43,143.25849886633875,-36.748245150256786
20720840000,0,44,143.2460673393396,-36.738638729434825
20720840000,0,45,143.2392933406256,-36.7370927190104
20720840000,0,46,143.2293003330756,-36.728953718347775
20720840000,0,47,143.22354837414255,-36.72790171798942
20720840000,0,48,143.22353373415834,-36.72776025798765
20720840000,0,49,143.22474951401574,-36.727103848057844
20720840000,0,50,143.22705551376097,-36.72569288818999
20720840000,0,51,143.23109620341398,-36.72216874841496
20720840000,0,52,143.23209747334658,-36.72109874846949
20720850000,0,0,144.9743078705359,-37.85217868841436
20720850000,0,1,144.97438094052367,-37.85217424841934
20720850000,0,2,144.9753705001896,-37.853663558496244
20720850000,0,3,144.97549722015603,-37.85376966850558
20720850000,0,4,144.9756948701125,-37.85385373851961
20720850000,0,5,144.97591588007077,-37.85388396853492
20720850000,0,6,144.97591894004427,-37.854122838536604
20720850000,0,7,144.9759489500216,-37.854282848539654
20720850000,0,8,144.97603391998848,-37.8544518385465
20720850000,0,9,144.9759234699426,-37.85505027854266
20720850000,0,10,144.97573804988997,-37.855829948534804
20720850000,0,11,144.97563792982305,-37.856604838532746
20720850000,0,12,144.97558992979899,-37.85690282853132
20720850000,0,13,144.97556291979768,-37.8569578285298
20720850000,0,14,144.97551692979988,-37.85701083852699
20720850000,0,15,144.97547845980142,-37.85705848852466
20720850000,0,16,144.97535603983394,-37.85695512851564
20720850000,0,17,144.97522795984534,-37.857055218507504
20720850000,0,18,144.97468611998997,-37.85659188846756
20720850000,0,19,144.9744220400591,-37.8563785284482
20720850000,0,20,144.97324901036703,-37.85542351836203
20720850000,0,21,144.97293328044762,-37.85518734833899
20720850000,0,22,144.97185763072,-37.85440318826056
20720850000,0,23,144.97065882102237,-37.85353971817324
20720850000,0,24,144.9743078705359,-37.85217868841436
20720860000,0,0,144.255416780638,-36.7316536333
20720860000,0,1,144.25368405097387,-36.7311988831838
20720860000,0,2,144.25365547099838,-36.73100343318069
20720860000,0,3,144.2542212611079,-36.72898018320487
20720860000,0,4,144.25423662110498,-36.7289836032059
20720860000,0,5,144.25453610103833,-36.72914751322652
20720860000,0,6,144.25463381102776,-36.72909001323254
20720860000,0,7,144.25585208075748,-36.729748353316374
20720860000,0,8,144.25697117047235,-36.73071777339572
20720860000,0,9,144.25677618046976,-36.73106677338518
20720860000,0,10,144.25672592046357,-36.73121156338281
20720860000,0,11,144.2566324104775,-36.7312284333768
20720860000,0,12,144.2560905305786,-36.7311250133407
20720860000,0,13,144.25599818056637,-36.7313994433364
20720860000,0,14,144.25573305061639,-36.73134357331871
20720860000,0,15,144.255416780638,-36.7316536333
20720870000,0,0,142.19523112766117,-36.726910277300945
20720870000,0,1,142.1949909176816,-36.72714054728873
20720870000,0,2,142.19482352769583,-36.72730093728019
20720870000,0,3,142.1946895777096,-36.727401857273215
20720870000,0,4,142.19453349772945,-36.7274764472648
20720870000,0,5,142.1941909877781,-36.72758215724598
20720870000,0,6,142.1939808178108,-36.727614387234226
20720870000,0,7,142.1937915978435,-36.72760594722341
20720870000,0,8,142.19387653786353,-36.727214067225795
20720870000,0,9,142.19352113792445,-36.72720501720554
20720870000,0,10,142.19341568794326,-36.72719347719947
20720870000,0,11,142.1933006379676,-36.72713782719258
20720870000,0,12,142.1931596779906,-36.72714735718461
20720870000,0,13,142.19277992806175,-36.72706822716253
20720870000,0,14,142.19259710809442,-36.727048427152
20720870000,0,15,142.19252457810518,-36.72706537714799
20720870000,0,16,142.19239678812738,-36.72705855714067
20720870000,0,17,142.1923107981406,-36.72707383713588
20720870000,0,18,142.19219519816176,-36.727055167129194
20720870000,0,19,142.19212004818127,-36.72697748712443
20720870000,0,20,142.1919728782089,-36.72694651711587
20720870000,0,21,142.19187407822707,-36.726929457110145
20720870000,0,22,142.19174986825354,-36.726867267102705
20720870000,0,23,142.19163116827403,-36.72686248709591
20720870000,0,24,142.1915038582999,-36.72681329708837
20720870000,0,25,142.191378148329,-36.72672349708066
20720870000,0,26,142.19125390834975,-36.72672654707361
20720870000,0,27,142.19116903836917,-36.72666879706844
20720870000,0,28,142.1910254183952,-36.72664860706014
20720870000,0,29,142.19093062841517,-36.72660357705446
20720870000,0,30,142.1908152784346,-36.72660474704791
20720870000,0,31,142.1907084884551,-36.726576957041665
20720870000,0,32,142.19060102847286,-36.726581637035586
20720870000,0,33,142.19049418849366,-36.72655026702931
20720870000,0,34,142.19026204853483,-36.72652824701598
20720870000,0,35,142.19000768857873,-36.726518167001466
20720870000,0,36,142.189746048627,-36.726472096986285
20720870000,0,37,142.18961362865102,-36.72645359697865
20720870000,0,38,142.18956741866046,-36.72643511697591
20720870000,0,39,142.18909561874233,-36.72641099694893
20720870000,0,40,142.18857275884918,-36.726200776917885
20720870000,0,41,142.18847267886838,-36.72617472691204
20720870000,0,42,142.18842212887782,-36.7261644269091
20720870000,0,43,142.18833459889387,-36.72614997690404
20720870000,0,44,142.1882048389149,-36.72616028689672
20720870000,0,45,142.18812391893022,-36.72614215689201
20720870000,0,46,142.1880220889471,-36.72614588688624
20720870000,0,47,142.1879698489536,-36.72617254688343
20720870000,0,48,142.18780746898122,-36.726170546874194
20720870000,0,49,142.1877383389912,-36.726190196870384
20720870000,0,50,142.18742198904786,-36.72615367685218
20720870000,0,51,142.18726580907514,-36.72614387684324
20720870000,0,52,142.18725784917686,-36.72499964683566
20720870000,0,53,142.18809051903685,-36.724991376882926
20720870000,0,54,142.188440078983,-36.72493106690243
20720870000,0,55,142.18892103891176,-36.724816336929045
20720870000,0,56,142.1894876688161,-36.724814976961255
20720870000,0,57,142.18998808873158,-36.724813726989716
20720870000,0,58,142.19075129859965,-36.724846657033304
20720870000,0,59,142.1915832484479,-36.72497372708141
20720870000,0,60,142.19218300833845,-36.725065367116095
20720870000,0,61,142.19248179828585,-36.725089207133216
20720870000,0,62,142.1927719782429,-36.725019557149295
20720870000,0,63,142.19394774807594,-36.72465684721389
20720870000,0,64,142.19503453791478,-36.724399897274104
20720870000,0,65,142.19502197800543,-36.723391097267104
20720870000,0,66,142.19500179815077,-36.72177406725586
20720870000,0,67,142.19494120817325,-36.72163494725155
20720870000,0,68,142.19502026816147,-36.72161640725593
20720870000,0,69,142.19508745815006,-36.72161751725975
20720870000,0,70,142.19508183821077,-36.720936547255185
20720870000,0,71,142.19539011815883,-36.7209346072727
20720870000,0,72,142.1953859281813,-36.72068641727092
20720870000,0,73,142.19698950791079,-36.720680657362095
20720870000,0,74,142.19794314776007,-36.72056107741561
20720870000,0,75,142.19850316766733,-36.72053935744732
20720870000,0,76,142.1997194174627,-36.720528797516465
20720870000,0,77,142.19996929742442,-36.7204835775304
20720870000,0,78,142.20194044709194,-36.72047571764251
20720870000,0,79,142.20237603698553,-36.72084858766962
20720870000,0,80,142.20366072667184,-36.7219480777496
20720870000,0,81,142.20374186665202,-36.72201768775465
20720870000,0,82,142.20318111674646,-36.72202190772276
20720870000,0,83,142.20316644674116,-36.72211031772249
20720870000,0,84,142.20317151667896,-36.722808657727136
20720870000,0,85,142.20474119634414,-36.7235998478214
20720870000,0,86,142.2050883162827,-36.723631117841364
20720870000,0,87,142.20510806623489,-36.72413765784564
20720870000,0,88,142.20513109621803,-36.72428506784786
20720870000,0,89,142.2046561162981,-36.72428756782085
20720870000,0,90,142.20395385641513,-36.72430722778102
20720870000,0,91,142.2038578264363,-36.72425106777519
20720870000,0,92,142.20361878648146,-36.72419691776125
20720870000,0,93,142.2035154564994,-36.72419164775533
20720870000,0,94,142.20228102673704,-36.723861417683025
20720870000,0,95,142.20227679674562,-36.72377207768222
20720870000,0,96,142.2015221168511,-36.724023517640845
20720870000,0,97,142.2006754269688,-36.72431322759447
20720870000,0,98,142.1986083572415,-36.72518732748232
20720870000,0,99,142.19840775726797,-36.72527217747142
20720870000,0,100,142.19812444730613,-36.72538287745599
20720870000,0,101,142.19754376738604,-36.725591037424266
20720870000,0,102,142.19641766753458,-36.72606715736318
20720870000,0,103,142.1962686375521,-36.726154897355244
20720870000,0,104,142.19544245764328,-36.7267074973117
20720870000,0,105,142.19523112766117,-36.726910277300945
20720880000,0,0,144.89172096963193,-37.62297384135664
20720880000,0,1,144.890647580024,-37.62104984127161
20720880000,0,2,144.890963850119,-37.61965938128448
20720880000,0,3,144.89282282977058,-37.619918361412594
20720880000,0,4,144.89437305945435,-37.62037283152092
20720880000,0,5,144.89448211938037,-37.62088584153154
20720880000,0,6,144.89470607927913,-37.621467861550414
20720880000,0,7,144.89473089919792,-37.62218283155656
20720880000,0,8,144.89453901915573,-37.62288285154785
20720880000,0,9,144.89460486908544,-37.623430861555754
20720880000,0,10,144.89432012903413,-37.624363801542174
20720880000,0,11,144.89433202901358,-37.62453579154406
20720880000,0,12,144.89454799892997,-37.62496681156144
20720880000,0,13,144.89477407886548,-37.625203871578314
20720880000,0,14,144.89517908876374,-37.625499861607715
20720880000,0,15,144.89564708863452,-37.62595086164237
20720880000,0,16,144.89639011847288,-37.626261811694896
20720880000,0,17,144.89648194844952,-37.62633183170158
20720880000,0,18,144.89652403843183,-37.62642884170504
20720880000,0,19,144.89649381842844,-37.62650886170348
20720880000,0,20,144.89639913843877,-37.62656484169739
20720880000,0,21,144.89629112845617,-37.626575831690104
20720880000,0,22,144.89609096849705,-37.62651687167612
20720880000,0,23,144.8960459584963,-37.626595811673546
20720880000,0,24,144.89624612840123,-37.62715883169068
20720880000,0,25,144.89632496833954,-37.62760587169882
20720880000,0,26,144.89630408829697,-37.62803481170006
20720880000,0,27,144.8958681282526,-37.6291458616773
20720880000,0,28,144.89539293836452,-37.62886737164323
20720880000,0,29,144.89306697874852,-37.62902783148593
20720880000,0,30,144.89357497895546,-37.62628983150345
20720880000,0,31,144.89291797919486,-37.62511782145144
20720880000,0,32,144.89247194935786,-37.62431783141611
20720880000,0,33,144.89212297948526,-37.62369282138847
20720880000,0,34,144.89172096963193,-37.62297384135664
20720890000,0,0,144.89788730704024,-37.637173741864736
20720890000,0,1,144.8975630070989,-37.6371482118425
20720890000,0,2,144.89324969791775,-37.636455511544604
20720890000,0,3,144.89198073815803,-37.63625741145701
20720890000,0,4,144.8916719082155,-37.636218651435755
20720890000,0,5,144.89171340823233,-37.635995491437185
20720890000,0,6,144.89267463860998,-37.630944641471146
20720890000,0,7,144.89306697874852,-37.62902783148593
20720890000,0,8,144.89539293836452,-37.62886737164323
20720890000,0,9,144.8958681282526,-37.6291458616773
20720890000,0,10,144.89558696820285,-37.63005882166385
20720890000,0,11,144.8954569981293,-37.630950821660555
20720890000,0,12,144.89547283808082,-37.63137580166429
20720890000,0,13,144.89550309801479,-37.631940811669864
20720890000,0,14,144.8956881479451,-37.63229181168465
20720890000,0,15,144.89676883762823,-37.63350384176575
20720890000,0,16,144.89696108757997,-37.633643791779704
20720890000,0,17,144.89916104709334,-37.634638831935675
20720890000,0,18,144.90028389685585,-37.63504481201464
20720890000,0,19,144.9005841467892,-37.63518278203595
20720890000,0,20,144.900685986634,-37.636461342050836
20720890000,0,21,144.9006176166059,-37.63683169204848
20720890000,0,22,144.89988904671347,-37.63700035199993
20720890000,0,23,144.8995450267708,-37.63701935197663
20720890000,0,24,144.89945023676353,-37.63723874197154
20720890000,0,25,144.89788730704024,-37.637173741864736
20720902000,0,0,144.76043497311,-37.70883183299152
20720902000,0,1,144.7601729730086,-37.71020383298236
20720902000,0,2,144.76005153295986,-37.71085573297821
20720902000,0,3,144.75856500323647,-37.71067682287673
20720902000,0,4,144.75778386338177,-37.71058267282342
20720902000,0,5,144.75767860340233,-37.710560902816184
20720902000,0,6,144.75761892341495,-37.710539752812025
20720902000,0,7,144.75754526343164,-37.710502842806825
20720902000,0,8,144.75749558344384,-37.71046912280327
20720902000,0,9,144.757425983463,-37.71040281279816
20720902000,0,10,144.75710098355745,-37.710045822774
20720902000,0,11,144.75720154354778,-37.70997359278034
20720902000,0,12,144.75724078354418,-37.7099435327828
20720902000,0,13,144.7573174635375,-37.7098818027876
20720902000,0,14,144.75735455353447,-37.70985011278989
20720902000,0,15,144.75742689352887,-37.709785322794374
20720902000,0,16,144.75749734352348,-37.70972137279873
20720902000,0,17,144.7575280735215,-37.709690272800614
20720902000,0,18,144.7575957435162,-37.709630702804816
20720902000,0,19,144.75763063351326,-37.70960161280699
20720902000,0,20,144.75770196350695,-37.70954475281145
20720902000,0,21,144.7577757235001,-37.70948974281609
20720902000,0,22,144.7578517134926,-37.70943674282089
20720902000,0,23,144.75792983348452,-37.70938572282584
20720902000,0,24,144.75796979348027,-37.70936097282839
20720902000,0,25,144.75805111347128,-37.70931300283357
20720902000,0,26,144.75813393346183,-37.709267262838885
20720902000,0,27,144.75821891345183,-37.70922362284435
20720902000,0,28,144.75824953344807,-37.70920901284632
20720902000,0,29,144.7583056734412,-37.709182222849954
20720902000,0,30,144.75839425343008,-37.7091431728557
20720902000,0,31,144.75848422341838,-37.709106442861554
20720902000,0,32,144.75857529340632,-37.70907198286748
20720902000,0,33,144.75862176340004,-37.7090556828705
20720902000,0,34,144.7587149833872,-37.709024802876606
20720902000,0,35,144.7588096633738,-37.70899646288282
20720902000,0,36,144.75890543336,-37.70897054288913
20720902000,0,37,144.75900227334571,-37.70894723289553
20720902000,0,38,144.75905089333847,-37.70893643289874
20720902000,0,39,144.75914914332355,-37.70891689290525
20720902000,0,40,144.7592477733083,-37.70889980291181
20720902000,0,41,144.75934752329255,-37.70888541291845
20720902000,0,42,144.75949765326834,-37.70886857292848
20720902000,0,43,144.75959842325176,-37.70886065293523
20720902000,0,44,144.75969924323485,-37.708855342942
20720902000,0,45,144.75980038321765,-37.70885264294882
20720902000,0,46,144.7599470731924,-37.708851482958714
20720902000,0,47,144.76043497311,-37.70883183299152
20720912000,0,0,144.75170347180244,-37.73519446256575
20720912000,0,1,144.75150583183418,-37.73521770255256
20720912000,0,2,144.75122478188135,-37.735232682533685
20720912000,0,3,144.7508619619443,-37.7352318325092
20720912000,0,4,144.75053591200296,-37.735211652487074
20720912000,0,5,144.74887498230788,-37.735052822374016
20720912000,0,6,144.74878650232316,-37.73505306236805
20720912000,0,7,144.74885136235784,-37.734624122369766
20720912000,0,8,144.74914300251152,-37.73271481237761
20720912000,0,9,144.74944781245938,-37.732708372398136
20720912000,0,10,144.7510429721653,-37.73287282250678
20720912000,0,11,144.75118598214254,-37.73285382251632
20720912000,0,12,144.75129197212877,-37.7328108325232
20720912000,0,13,144.7513509921133,-37.73285981252748
20720912000,0,14,144.75144699209133,-37.732909822534275
20720912000,0,15,144.75157704206626,-37.732933482543196
20720912000,0,16,144.7515422220615,-37.733034472541476
20720912000,0,17,144.7514472820105,-37.73366492253898
20720912000,0,18,144.7514419120067,-37.7337089825389
20720912000,0,19,144.75143385199866,-37.733797232538876
20720912000,0,20,144.75142928199,-37.73388566253913
20720912000,0,21,144.7514282319807,-37.73397414253962
20720912000,0,22,144.7514306719708,-37.73406261254033
20720912000,0,23,144.75143666196033,-37.734150982541266
20720912000,0,24,144.75144615194927,-37.73423914254246
20720912000,0,25,144.75145221194347,-37.73428313254314
20720912000,0,26,144.7514591419376,-37.7343270525439
20720912000,0,27,144.75147560192536,-37.73441455254554
20720912000,0,28,144.75149557191259,-37.734501622547434
20720912000,0,29,144.7515189718993,-37.734588122549546
20720912000,0,30,144.75154583188547,-37.73467402255189
20720912000,0,31,144.75161098185455,-37.73485700255742
20720912000,0,32,144.75164241183856,-37.73495557256015
20720912000,0,33,144.75167037182314,-37.73505478256265
20720912000,0,34,144.75168303181562,-37.735104602563815
20720912000,0,35,144.75170347180244,-37.73519446256575
20720913000,0,0,144.74858280221824,-37.73636423236245
20720913000,0,1,144.74891214216052,-37.736369862384706
20720913000,0,2,144.7489539621516,-37.73638582238761
20720913000,0,3,144.74948811205354,-37.73643675242397
20720913000,0,4,144.74975466200084,-37.73649745244234
20720913000,0,5,144.75068414183008,-37.736587602505615
20720913000,0,6,144.75071889184017,-37.73643686250702
20720913000,0,7,144.75164858166025,-37.73661224257084
20720913000,0,8,144.75157820164964,-37.73682579256742
20720913000,0,9,144.7514992216414,-37.73703049256336
20720913000,0,10,144.75138125163502,-37.737281152556946
20720913000,0,11,144.7512717116331,-37.73747680255077
20720913000,0,12,144.7511165216346,-37.73771433254178
20720913000,0,13,144.75080298164116,-37.73816082252339
20720913000,0,14,144.75074330165867,-37.73809391251895
20720913000,0,15,144.7502999017567,-37.7378957924878
20720913000,0,16,144.74837179211073,-37.73771107235656
20720913000,0,17,144.74858280221824,-37.73636423236245
20720914000,0,0,144.74858280221824,-37.73636423236245
20720914000,0,1,144.74878650232316,-37.73505306236805
20720914000,0,2,144.74887498230788,-37.735052822374016
20720914000,0,3,144.75053591200296,-37.735211652487074
20720914000,0,4,144.7508619619443,-37.7352318325092
20720914000,0,5,144.75122478188135,-37.735232682533685
20720914000,0,6,144.75150583183418,-37.73521770255256
20720914000,0,7,144.75170347180244,-37.73519446256575
20720914000,0,8,144.75174041177337,-37.73540612256955
20720914000,0,9,144.75175691175434,-37.73555752257162
20720914000,0,10,144.7517659617203,-37.73586077257409
20720914000,0,11,144.75174892169628,-37.736113242574525
20720914000,0,12,144.75170975167623,-37.736364142573436
20720914000,0,13,144.75164858166025,-37.73661224257084
20720914000,0,14,144.75071889184017,-37.73643686250702
20720914000,0,15,144.75068414183008,-37.736587602505615
20720914000,0,16,144.74975466200084,-37.73649745244234
20720914000,0,17,144.74948811205354,-37.73643675242397
20720914000,0,18,144.7489539621516,-37.73638582238761
20720914000,0,19,144.74891214216052,-37.736369862384706
20720914000,0,20,144.74858280221824,-37.73636423236245
20720915000,0,0,144.75280457127465,-37.738343422659604
20720915000,0,1,144.75210497140296,-37.73827782261198
20720915000,0,2,144.7520269714168,-37.738274822606684
20720915000,0,3,144.7519879914233,-37.73827682260407
20720915000,0,4,144.75193098143225,-37.738285832600276
20720915000,0,5,144.7518754214402,-37.73830166259663
20720915000,0,6,144.75180699144894,-37.73833082259219
20720915000,0,7,144.75174610145527,-37.73837002258833
20720915000,0,8,144.75168398145965,-37.73842981258451
20720915000,0,9,144.75161897146143,-37.73851882258067
20720915000,0,10,144.75155444147543,-37.73849216257615
20720915000,0,11,144.7508821516241,-37.73819187252892
20720915000,0,12,144.75080298164116,-37.73816082252339
20720915000,0,13,144.7511165216346,-37.73771433254178
20720915000,0,14,144.7512717116331,-37.73747680255077
20720915000,0,15,144.75138125163502,-37.737281152556946
20720915000,0,16,144.7514992216414,-37.73703049256336
20720915000,0,17,144.75157820164964,-37.73682579256742
20720915000,0,18,144.75164858166025,-37.73661224257084
20720915000,0,19,144.75170975167623,-37.736364142573436
20720915000,0,20,144.75174892169628,-37.736113242574525
20720915000,0,21,144.7517659617203,-37.73586077257409
20720915000,0,22,144.75175691175434,-37.73555752257162
20720915000,0,23,144.75174041177337,-37.73540612256955
20720915000,0,24,144.75170347180244,-37.73519446256575
20720915000,0,25,144.75198803175633,-37.735164302584764
20720915000,0,26,144.75224039171388,-37.73515219260172
20720915000,0,27,144.7525564016591,-37.73515258262306
20720915000,0,28,144.75287158160256,-37.73517028264443
20720915000,0,29,144.75327239152907,-37.735207692671715
20720915000,0,30,144.75280457127465,-37.738343422659604
20720922000,0,0,144.75496146146165,-37.73310207277265
20720922000,0,1,144.75369630169368,-37.732982472686516
20720922000,0,2,144.75391680181258,-37.731514122692296
20720922000,0,3,144.7539535918324,-37.73126937269327
20720922000,0,4,144.75436199175752,-37.731307812721056
20720922000,0,5,144.7543092117256,-37.73169147271987
20720922000,0,6,144.75516075156943,-37.73177198277784
20720922000,0,7,144.75496146146165,-37.73310207277265
20720923000,0,0,144.75672737147065,-37.730157592873574
20720923000,0,1,144.75661473140977,-37.73090914287064
20720923000,0,2,144.75661896139977,-37.73099583287146
20720923000,0,3,144.756599551389,-37.731127722870966
20720923000,0,4,144.75657732138114,-37.73123729287014
20720923000,0,5,144.7561723514557,-37.73119620284256
20720923000,0,6,144.75440396178004,-37.73102905272217
20720923000,0,7,144.75436199175752,-37.731307812721056
20720923000,0,8,144.7539535918324,-37.73126937269327
20720923000,0,9,144.75415726194208,-37.729914392698596
20720923000,0,10,144.75672737147065,-37.730157592873574
20720924000,0,0,144.75496146146165,-37.73310207277265
20720924000,0,1,144.75516075156943,-37.73177198277784
20720924000,0,2,144.7543092117256,-37.73169147271987
20720924000,0,3,144.75436199175752,-37.731307812721056
20720924000,0,4,144.75440396178004,-37.73102905272217
20720924000,0,5,144.7561723514557,-37.73119620284256
20720924000,0,6,144.75594346133192,-37.732723712836574
20720924000,0,7,144.7558849912998,-37.73311863283509
20720924000,0,8,144.75587382129427,-37.73318830283476
20720924000,0,9,144.75496146146165,-37.73310207277265
20720932000,0,0,144.74699771352994,-37.72666814219535
20720932000,0,1,144.74693300350793,-37.72697881219293
20720932000,0,2,144.7465524135792,-37.726929212166944
20720932000,0,3,144.74626797348256,-37.72829383215623
20720932000,0,4,144.74624899348618,-37.72829081215492
20720932000,0,5,144.7449189636848,-37.72858881206705
20720932000,0,6,144.74447899385837,-37.727678822031734
20720932000,0,7,144.74446198387565,-37.72754482202975
20720932000,0,8,144.74451797389418,-37.727280822031894
20720932000,0,9,144.74459999391726,-37.726931822035255
20720932000,0,10,144.74468613396542,-37.72634162203742
20720932000,0,11,144.74507299389057,-37.72641482206396
20720932000,0,12,144.74699771352994,-37.72666814219535
20720940000,0,0,146.189466921958,-36.07896692323051
20720940000,0,1,146.2010922399148,-36.08046366409257
20720940000,0,2,146.20109661989858,-36.080603264093796
20720940000,0,3,146.2005266399636,-36.08084526405357
20720940000,0,4,146.20052663991166,-36.08131227405662
20720940000,0,5,146.20035161987826,-36.0818662740474
20720940000,0,6,146.19980064990054,-36.082465284010894
20720940000,0,7,146.19959964985532,-36.08316329400072
20720940000,0,8,146.19911364989838,-36.08348130396714
20720940000,0,9,146.19875065993662,-36.08366431394171
20720940000,0,10,146.19812264003,-36.08373633389613
20720940000,0,11,146.1975416700915,-36.08402635385543
20720940000,0,12,146.1971086701506,-36.08412335382431
20720940000,0,13,146.19658369023418,-36.084134373785886
20720940000,0,14,146.19623267028695,-36.08416937376038
20720940000,0,15,146.19610667028581,-36.08436237375239
20720940000,0,16,146.19613368025108,-36.08463537375616
20720940000,0,17,146.19643970018052,-36.084825373779836
20720940000,0,18,146.19659771010893,-36.08523936379412
20720940000,0,19,146.1966756700582,-36.085582373802076
20720940000,0,20,146.19735365986912,-36.08629735385644
20720940000,0,21,146.1917969307623,-36.08633391344931
20720940000,0,22,146.19180591086132,-36.085430913444064
20720940000,0,23,146.18941794171946,-36.08118290324135
20720940000,0,24,146.189466921958,-36.07896692323051
20720950000,0,0,146.0581489702425,-36.01481390322297
20720950000,0,1,146.05791051025037,-36.01509109320745
20720950000,0,2,146.0578269303,-36.01476290319922
20720950000,0,3,146.0577849503245,-36.014601913195115
20720950000,0,4,146.0577479803469,-36.014452893191454
20720950000,0,5,146.05768695038302,-36.01421491318545
20720950000,0,6,146.05722595053047,-36.01355091314758
20720950000,0,7,146.0566158608218,-36.01179929309178
20720950000,0,8,146.05708495074848,-36.01177890312576
20720950000,0,9,146.05711696073493,-36.011854903128594
20720950000,0,10,146.05726895060573,-36.01280489314586
20720950000,0,11,146.0573349405646,-36.01308189315245
20720950000,0,12,146.05737298052793,-36.01335889315704
20720950000,0,13,146.05743597049604,-36.0135559031629
20720950000,0,14,146.05761596043894,-36.013810903177664
20720950000,0,15,146.05780795038484,-36.01402090319299
20720950000,0,16,146.05803596030282,-36.01443189321226
20720950000,0,17,146.0581489702425,-36.01481390322297
